2.3851303541  1.0611041546   4.8428388736
2.0047622400  4.6820198578   4.3089984553
6.1955415746  2.9979235469   5.4517129423
4.5124637115  4.1057131397   3.6474498315
2.5961076077  6.0731757008   3.9339323618
0.6197120575  1.9668097148   0.6983584114
4.6153711025  0.4802832782   1.3426804030
4.0043135197  4.9726080233   0.2285179879
0.4639621950  2.2957752502   2.7931581671
0.7571751405  3.6762878856   2.0519683323
6.1675508774  1.1519384986   1.8051228919
3.1214828275  0.4832959678   3.1192998446
0.1408291443  0.9654916369   1.1416874085
0.3382335975  5.1954150723   5.8671873687
0.8851361753  1.8909669834   5.9073332324
5.6138646679  2.4120173873   3.7162721495
2.9268338392  4.0887762239   0.0050806980
3.5239668165  5.1356904672   5.6737568357
3.1067608569  4.8145926509   4.2907428977
0.4259087853  2.3510143657   0.4640196312
5.6400795661  1.1929411309   6.2604663291
1.8131093089  4.0620903295   1.9757913908
1.6904709934  0.0226527963   5.0844781941
3.7334321127  1.7774371305   2.8993796675
2.9900360919  4.0124458741   3.6891186392
2.3141665029  3.7201142993   3.0008211122
4.1193259710  2.0438523515   3.4711685443
5.8948870049  6.2137639712   1.1015463025
3.8982464115  0.7743136587   3.6897683327
1.7771367079  4.6236514686   0.9726467059
1.2891918275  0.9840537596   2.7988609175
2.7591608094  2.7309702293   3.3779750241
0.1712181798  5.2291383600   2.9022040158
5.5052285461  2.2613784684   5.2408658675
3.8333226378  0.4790177802   6.2591352187
1.2792086525  3.4992664062   6.1087909319
3.2667337545  1.7211543600   4.6868124743
0.3381880644  0.8297240208   1.2563665891
5.4172833992  4.3960610671   0.2282633220
2.7830405858  3.0530305756   1.1850342948
3.4432430856  1.1480400625   3.6288370151
3.5616916495  0.6359496992   3.9475515518
4.2750478119  1.2665916831   2.2919473586
2.3334404253  0.8466341549   3.9996119330
0.4915254762  2.0344272550   5.6001619604
2.8673361618  5.9724506800   1.5929018762
0.3006114622  3.3434749200   1.7992487847
4.6386054852  1.5562552135   0.7880319254
0.2387706889  2.7474877291   3.3211269627
5.9956939183  4.2040025284   5.1570271463
4.6644629444  3.4412736439   1.8835447664
5.8901693459  3.8268022500   4.9491326007
3.2255610551  5.4232356437   2.7458309780
1.5136494940  2.3919831984   3.4591430555
1.6334100196  4.7058269189   6.1959399729
4.7687752991  0.9845550161   4.3340217446
6.2413566588  0.3652027186   6.0955491409
2.2412483269  2.1344417928   0.6029711460
4.7303453256  5.1344708455   5.6428799506
0.6914551001  2.3722019714   0.3672087858
3.7513458144  6.1110570195   0.7748307949
2.7055094360  3.8033288749   3.9629667236
4.5912367101  2.1252005057   2.3254341871
1.6410182775  5.8306936892   2.0079318149
0.5956942319  5.6449688388   4.9994949308
2.8334871700  5.3451463347   1.8956672398
4.0217067584  1.6134712003   3.8167943551
0.8296243573  1.7938211365   2.9026572106
2.8451672378  4.9005509680   1.8384140974
4.0978909375  4.4069961926   5.2302425564
5.1961837659  3.0945427562   3.5847203127
1.9357043045  6.0800357795   0.4430155450
2.5281249277  2.9918109050   1.6732857032
5.5557892131  6.2511757274   1.0736382260
4.4018708841  3.0823963888   3.5205153616
1.5197284511  3.1632909837   1.2697720859
4.7741641005  4.8303424385   3.0936444797
1.8279403174  2.4384067157   4.5827506545
1.7431988826  2.8479119199   6.0004192376
0.0383764582  0.8347461007   4.7901015524
2.3543795365  4.7658358170   0.5030829541
2.7453296281  3.5514883993   5.8951748931
1.9119636684  4.0755039493   6.1227997356
1.8275293557  5.0143466965   3.8145873212
1.5237749087  1.3851171607   6.0161182562
5.8853566960  5.3902866879   2.0775386220
5.4047346825  5.6845794517   5.6625017402
2.4958587696  1.8348150511   0.0022972819
3.0122790725  4.5607741993   3.0365379175
3.5499751507  2.1328008906   0.9266111652
3.0763693545  1.7133066781   1.9791536520
1.6952764861  1.0698668014   1.0767837610
6.2187207185  4.1721495601   3.7253441537
1.1540684361  3.3668552618   4.1318729986
5.4139488739  5.2094481146   2.1925972648
0.2050364976  1.6798854968   0.3373658800
2.0857537513  1.1068194126   0.2963654798
4.7045161227  2.7092238421   0.3509649659
4.0486738625  2.9886287448   0.4493231202
1.0633534803  4.9336884715   0.0984923537
5.9828810983  0.8209081969   6.1178056323
3.4134675608  0.3226775850   4.6168639607
1.5796774594  3.9427394763   4.7273782398
3.6352770364  0.1827624784   0.2093155731
5.7521091161  0.8557359702   0.7389410272
5.6271989342  4.3640215327   1.6418168660
3.0316784889  3.2401064487   5.6131338717
2.7818173232  3.4091458913   6.1076402579
1.9588141354  5.0798517047   6.2459504361
0.3475466794  4.9868764003   2.1789223540
4.7362133954  3.1533239074   1.8365884835
0.8290504662  1.7381304815   1.1765101575
2.2363246291  0.7518769997   4.6693387078
2.4873306246  5.5706580200   4.5114446887
5.5638939658  6.0965055327   1.1868605639
0.1334520198  5.9220674807   2.7265116381
5.3035155730  4.0094773063   0.2864701187
1.8100012367  0.5691947123   4.1184613135
1.5729507213  0.4694049299   4.9074329313
3.0685797471  1.1463730416   5.4217632733
4.5806690083  0.1990994523   4.9345176253
1.2730744784  4.5549091594   2.7237124672
1.3589034763  0.9057765166   2.1854253485
6.1344906782  3.9956460306   0.3480165252
3.7274104147  4.9627585756   5.1487024322
1.9126240893  3.5578733253   0.6662710950
6.0802565374  2.3713616213   0.0381643599
5.6295444756  5.1621778096   1.7281420684
1.1939652838  1.9156227484   5.9236068105
0.0113054854  2.0066803540   4.2364963030
4.4721436198  4.9321741200   2.4231631600
5.4520882107  3.1650693800   5.3843523357
0.7433505208  1.6398908313   4.2400498208
0.2451885940  4.6022794512   3.8207856211
3.7585670530  1.0238448260   2.7609939628
3.7970137395  5.7872863023   6.0399330628
3.2448405335  1.3962711955   5.1704740192
0.0471704111  0.5253290644   0.0659698766
4.3286959877  0.4630805196   0.8898041866
5.9440213230  4.8352356685   3.0335836645
5.4885914285  5.1376162801   3.6481332101
0.7117369421  4.6522308443   1.8409039537
2.2278248750  4.7642176388   2.7574824699
1.5201339395  6.0393661764   2.5023739710
3.5206780195  2.9306344688   0.8627157784
3.8498779595  4.9448447702   5.9863783690
1.8900392587  2.6550735746   2.2622273568
5.0148722917  5.9296302088   5.2588841478
4.9991637788  0.0082586061   0.2597200243
4.9077474487  6.1654880966   2.6630061236
2.2060165119  3.5826357085   0.4752473826
0.3411603362  2.1769386968   1.9717570263
4.4529224365  3.5028949920   5.9437842964
6.2387533935  1.8836028381   5.3690035504
1.0208698645  0.9994840213   1.0903281705
0.7135583505  4.1799285209   3.3670558923
5.7357654632  4.2989728750   1.8528435262
3.0263400622  4.9788548628   5.6729130537
5.3520546422  2.1904719444   0.5113721743
5.0888385077  1.5712658903   4.9478507214
1.1734448245  2.1677202014   1.0958408898
1.5532025078  2.0648594790   4.5238177197
0.3404785319  5.8275634729   1.4577408450
3.8262176758  4.7505431988   1.3014831885
4.8834953796  1.8110567465   1.3579980950
3.2111103757  3.8087404913   6.1366020181
0.1743589480  4.8131044462   2.3992280664
6.2227742496  5.3165319772   3.9916378600
3.1474983687  5.6673149722   0.2925704860
2.0860017321  3.7429383970   1.4581286324
1.0925399901  0.4306252969   5.4967842152
3.9309894038  1.3700069298   2.8911608972
3.6136787311  5.4626546600   0.0192490041
4.7185803340  2.6026075352   2.9213121946
0.9645870671  4.1544996288   5.1777964112
2.2417600715  4.9227804371   5.4782186137
0.9044695531  1.5575137210   1.8917070386
5.3445255216  3.4835568289   1.4828644483
2.1228981880  1.4425275815   5.2249603221
1.7291105604  0.0434341770   2.7504807414
0.0377680580  4.8169373966   3.1861235129
5.0385614989  0.1371823526   1.1653711417
3.1253084263  2.4699417245   0.9518936141
3.3793662382  1.5867565961   5.6976277943
5.4721047785  1.2831327600   6.2376316077
4.5417600900  4.1612246177   2.4509539682
4.1977077098  5.7474939971   5.1950039034
1.1236081571  0.0433699866   5.9945212109
3.4588643254  4.6899152855   5.6161752943
6.0310729911  5.0244797845   5.2841981466
3.7449146122  5.7038689684   4.2932009787
5.0803995970  6.1234286316   1.0794277457
6.1859992265  0.7531245263   1.4925788728
5.5664274729  3.2607831924   2.7286941276
1.3435775161  5.1646200597   0.1574703510
0.2175870924  4.0025322894   1.6879563223
2.8344943779  5.9935956645   6.1585227958
0.0866737565  5.9497138752   1.9647046343
2.9764124188  6.0733598753   3.5924215192
5.9765475847  0.4231360155   3.8431933404
1.5642132998  2.7491121869   5.6645307264
2.4279660628  2.0158968146   2.4883922088
2.7107758518  0.8422739237   4.3527812731
5.2206137529  0.8456234385   1.2848223280
5.1814087807  5.0639184977   0.3949157046
2.8462742250  3.2971911158   3.9105658929
2.3911300683  5.9329415238   4.3229544960
5.8174036248  6.2099238480   1.8647559883
4.6548577949  2.5754410883   3.5912289611
4.6346852890  2.3322422159   1.9868849481
5.9496486921  1.4253663005   5.0862259297
3.2050509744  2.8024951670   2.2964890312
4.9755236596  1.6727186250   4.3906264481
2.8410899061  2.8845877172   3.9799326459
5.3356728421  2.7200243970   6.0606292392
2.4531492511  1.6312621477   1.2616426788
4.6393564483  0.8401530343   3.7584615890
6.1351443969  2.6340898400   0.5259242349
3.2879849538  3.1846985170   3.4206585054
2.7012375070  2.0377912787   5.3165118978
1.3016126208  4.3020266108   0.2557151442
2.0319907959  2.7840386382   2.0694326821
0.6966181270  2.7373518621   4.4569753726
2.3575142999  4.9827137012   5.4054926882
2.0728478345  5.1242917992   3.1472388278
2.1495101914  4.7256631751   6.2502588121
5.1341091608  4.9590413341   2.6932254079
3.3406773545  3.1495562962   1.6797797765
3.2743063984  3.4883108995   2.9716442994
4.8651313867  3.9631174887   1.0106210216
0.7556332744  0.6156840808   0.9983843977
3.9298192049  1.5436289767   1.6860423158
2.1780579278  3.8687151673   4.7571256675
2.1024756086  1.9161199249   3.8275533122
3.6104223483  4.8189995727   6.0754194256
5.4282802926  1.6790499068   4.8589176697
1.2476085776  0.2482254304   3.5994142887
4.2251340149  1.8633526033   2.8288377068
5.6663736197  3.4957442369   1.8036328129
1.2513414774  6.0888744783   4.7273843827
1.8741745876  4.3298982598   0.5928698126
3.1197288668  4.5105818546   0.6709546545
5.5914331933  3.5124835504   4.6174728540
3.1504807839  3.3511633220   2.2279674053
1.7404124165  5.5023361861   3.6482285024
3.3549581828  2.4699113021   1.8777640721
3.6081163590  2.8781194546   4.4841896081
2.5937265516  1.3084432122   2.2650015979
0.0927628292  4.7580876112   4.5142143319
4.4156014873  3.4349673190   6.2538034552
3.1839862567  2.2455362430   0.5259032699
2.3955655478  4.4044990126   2.9418244125
0.4079768659  0.6862651864   0.5893819931
2.2530243403  0.0415366676   4.5563803552
1.4718439653  3.7529596518   5.7305505350
1.2786536751  4.1417253766   0.5429578986
5.1131279202  3.6442878825   3.2669477844
2.4720224578  5.7173945870   3.4722829862
0.3366227264  3.9961445102   4.3049183666
2.3565185660  3.3021987318   1.8827865306
4.8694320287  1.6312599224   3.7817092215
1.0385955828  0.3215160419   1.2472368208
5.7316403708  4.5989782971   4.1265285417
2.0056290782  1.0322732535   4.3879068201
2.0720667664  1.7617863463   2.8882570121
1.2832505615  1.6300307294   0.9906017770
4.8205523591  3.4375052955   2.6501584485
0.4396542614  3.4008900821   3.7451200378
5.9692393435  4.9518611784   2.0252685217
0.9940613960  5.4638928482   5.2196231205
1.7997924591  4.9482630879   0.7708526404
4.3173595579  6.0910948605   1.5782148960
0.8868704980  1.1339145752   5.8911617740
3.2175353183  5.8471257301   4.1167945920
4.5322307512  0.2836976041   4.7306785099
5.8361061088  1.5120226907   5.0947744097
4.5999441538  0.0556377950   0.3042740442
4.7114340665  4.2197466272   2.6056943607
2.5592645456  5.6851091926   4.5583821735
1.5047707029  3.5965977587   0.8736392872
3.2726000523  0.9767920952   3.9744744767
1.3765036502  3.1564676784   1.5509003529
5.2928793007  3.5671708792   5.2777014455
4.1653303138  1.1829464551   5.2569578238
5.1285575510  2.0369864559   2.8467379620
4.9880800727  4.4989953119   2.4803422920
2.9474749225  3.4741535376   6.0418814708
1.9448028024  0.8939825371   0.0513857900
4.3201878255  2.3898947279   2.5034641206
6.2005753904  2.4917180548   3.0647635847
4.8376372163  3.6237749484   3.8838678266
5.2124101873  0.1219032368   0.4398857661
4.4364614239  3.6290425547   0.8965346404
3.7406090385  5.8571607937   4.1106271640
4.7304476095  0.6715014825   1.3717424711
3.1209976528  4.6002326067   0.7485279846
5.4357887804  6.0979745153   0.2710383990
0.4274306082  3.8257406705   1.0402327308
6.0855536209  4.5217924005   3.2113731039
0.6205042084  1.9022489647   5.4492056734
3.4367583930  2.8841227621   4.8145582116
2.5319346113  0.3017726767   0.8479216647
0.6725531317  2.4212386853   0.4079086478
4.5500702423  2.2727310457   4.2250962394
3.8558799120  1.8069439105   3.0297954646
4.9195342432  5.1315574623   3.1128025525
3.5601821183  2.8307515061   1.9696759562
5.0976686174  5.0682216002   2.0326165391
3.6239896106  4.9648029755   5.7120520173
5.9315103603  1.7778767514   2.8295484590
5.4754953381  0.4291996045   4.7038174608
3.1893587349  0.3451399445   1.1639809979
4.9563221204  4.0056728805   0.5335807910
2.9721391727  2.6658649300   1.3008028523
5.2075146545  5.6896212614   3.5117706769
2.0262115759  2.6221044444   4.1575864630
6.1333095678  0.9679770199   5.9012503044
1.7480515205  3.3929154400   0.2528691443
0.4576094427  5.8879187147   1.0282966766
4.7200771228  4.1529031526   2.7528101588
5.2225121280  2.4797058382   2.0462299048
5.7952211563  1.6272855692   0.5650616975
2.0547542352  5.3275892253   5.0913884310
5.0521161765  5.9379624445   2.5105030792
3.3819265858  2.3687598384   4.1174611818
2.9109675771  0.4227338670   3.5615827408
5.1569259170  1.1409119010   0.0196152523
5.9810049735  3.6175289566   4.0925620550
0.4792366983  1.1679500994   1.9923813735
4.4527116181  1.8312240279   1.6709115787
1.4760863802  2.9007211335   2.8930813857
2.5063347074  2.1801235593   3.9154356616
1.6846754596  1.9990941554   5.0381936943
5.2308354389  2.8897285292   3.5258981492
6.2541181003  1.4821714960   0.1558486960
4.0825058282  0.1743711948   4.9859616097
4.4230660850  4.1371850799   1.7158676775
5.8578337553  0.9977922120   5.1705044665
4.3206483865  5.0432778584   4.3263172942
3.5710729911  2.5671824192   3.7944310104
2.3929356003  2.0570638431   2.4312791461
3.9871804952  4.6873487815   0.4117706735
2.2822327352  4.6894674199   6.2743473051
2.5611485074  1.0929912746   4.1534613074
2.3166086859  0.7385557717   1.4399320264
2.9430362092  1.0935100161   0.5796525936
3.1630424636  3.9421280408   1.5141135893
5.7210650496  5.2897524839   5.6710124419
1.2970443648  3.2049450990   1.3656376892
2.1275096375  1.0415243202   3.0129303170
3.6073376726  4.4881124554   5.7128496630
3.0594867490  5.6990834132   1.2175709936
1.6475704782  1.3731131240   2.8147891467
3.6416931306  5.4724121726   3.8817524260
5.5186956931  1.3310044885   3.7335505978
0.3829615418  5.2569208598   4.1838299568
2.7701085519  5.3991517479   1.6818842455
0.5294086360  3.2884776483   2.6632360567
3.5389263097  2.9993588951   5.0222995354
3.3885883141  5.5913006246   5.8578942765
4.8258501140  0.4088858263   2.9513321311
1.4645493735  3.2010072402   1.9245609433
3.6905026704  3.9005885400   2.7606546419
2.8838178564  4.6091401598   1.9280584990
5.4097064476  1.4451089386   1.7279574771
4.1521556391  0.1374250480   0.8717755383
2.2234883770  0.8732929496   1.0464486082
2.1814358458  4.8349578842   3.1035630041
1.5941578526  6.0932143361   0.5440202433
5.9849108477  2.4303009917   5.8235006113
1.8736520778  6.2418908926   0.9329037919
0.9952947405  2.0507906405   1.0083205415
2.2700963584  0.8618082073   4.5095903012
4.6597930198  2.4174783550   4.2404869701
4.4353005714  3.5351451962   2.2526447251
4.4038354025  3.9825054407   0.5683637716
0.0391177760  3.4030132799   0.0518239959
2.3520827817  1.9791620563   2.3422397346
5.6642640296  1.0010793275   4.9530798313
2.0002195464  0.9589160766   2.8103811785
3.7515826503  0.8604870886   0.6259603440
1.8711023151  4.4598245117   5.0631863672
0.7854885237  2.9208295831   4.1434778746
2.4401106313  0.7117038348   2.8422874201
5.1376836188  4.4037517069   3.3512145514
6.1649087687  1.1308862545   3.3091321369
5.4160418680  5.0495954748   3.9564027769
0.5266621348  3.2292814462   4.0624841325
2.1219070157  3.4459398566   1.2053080386
1.4836433087  1.3059271388   5.0374311167
1.9968301440  4.9297172890   1.2350919570
6.1854717570  3.3080319247   2.5842341440
3.4447619446  3.5878456080   1.4809050661
4.7076845042  2.6517602943   1.7103172094
5.2895104504  4.5311587307   0.0544657547
1.0485989549  0.4595415621   5.8325603993
5.6743296296  3.7376276647   3.2686354877
0.6605143754  5.4159635116   2.9161872016
4.6815579960  2.8199002297   3.2894343006
4.5827790433  4.1002646715   2.1162528839
4.5079944623  1.9067778399   2.0883985233
0.8383765225  3.8166577748   6.2095959008
2.8009748919  1.7523948959   2.9764510803
3.1968044556  5.0237983481   4.6926656715
3.3331688009  5.0024781038   4.2094754625
5.4017614966  5.9947048132   4.9988519628
4.2582712013  2.7918590318   1.7124408438
5.0632311076  2.8706793756   1.7838913691
3.3378973919  3.7687622303   4.5066507890
6.0060706884  5.2943491110   1.1601092266
0.4189435986  0.1960382276   5.2383126936
3.4024581136  1.1766530023   1.0660367161
1.7697241319  5.9287784659   5.9895448937
3.0215859277  5.9559704546   4.5399032612
4.3031260484  2.8461848712   0.8435075925
1.3085260486  5.0946111720   5.3601382360
3.8211881879  5.8363201460   5.8539981487
2.0494253338  4.2268073358   3.5448768092
5.5345261997  2.3394327088   2.5058808902
0.8381430747  2.5490612048   2.7746703538
0.6434471208  2.7572120178   4.4087901209
6.0263092336  4.2640786866   1.6338982981
0.9607115978  2.9221230564   0.1792558259
0.9584250299  5.9895354150   5.9562412329
0.9773657358  2.2286331498   6.2591141739
0.5627811564  2.1301308980   4.8976378385
2.8552337274  5.6288546828   6.2165923957
4.2027955891  3.4270645175   3.0633855777
5.2232225139  4.7078884436   0.8041387693
4.9651938015  0.7846265828   2.9177056546
4.4780947669  2.8477583499   4.6658336614
2.9694176999  0.4696645734   4.2310443524
4.4521906680  4.1678919970   5.4913751993
6.0196652546  4.4211736579   4.7642277689
3.1778815818  5.7739367088   3.8778264102
1.9167052521  4.1473541165   1.7267275393
4.9625300255  4.3360570892   2.1135274713
1.4852630964  5.3641036416   5.2510058826
1.4721681195  2.9399132292   2.4245956131
2.9197924336  2.8807065179   0.5048323393
3.8917220489  5.0649019866   5.4386270050
3.8662286462  5.1821653805   2.7355358995
0.7704686966  1.1965453255   1.0812160162
0.7778176783  0.1613095253   0.0269951603
1.7873085546  0.3569789250   4.0997584983
4.6227455619  0.8980907380   2.3228284261
2.5843250294  1.0770556932   2.3631009400
5.2086468482  3.9322987346   2.7730364623
5.8754952745  0.1854495195   3.2429017801
2.5074097631  2.9677511491   1.8856757462
0.3280537765  4.2627816465   3.0053845434
3.5888681252  0.7212403645   0.0392503413
4.6977490058  1.4832333788   1.0771635016
2.0121496190  1.8163469920   1.9073076135
3.0971976683  1.0854598101   4.6776087957
1.3926853302  2.0339055541   3.6498605128
5.9016309793  5.0335232034   4.4058146703
3.0304135077  1.8826540565   5.0558556932
3.3928954790  4.8734001476   5.3531811353
1.3889427209  3.4731615609   0.7396625806
0.6028402257  3.4852308753   4.1297093454
0.3780304607  4.5907922962   4.7309336271
5.1491261221  4.8608281179   4.4116052966
4.8473411491  5.6601892918   3.8020713776
1.2295925418  0.8681298467   0.2404362986
5.6241932369  4.9893317855   1.2261641821
4.2995846245  1.1901193299   2.0777343883
4.1270881600  0.1820514145   4.0390413842
6.2227486137  0.8003973361   1.3659891637
0.2116917795  0.8402860992   0.4832385746
2.6656619153  0.8062015368   6.1612246312
3.0786582137  5.8764105899   1.2991048713
3.6662667155  1.7167550680   6.1779629332
0.5231992545  5.9230284506   3.8350741867
4.1478738715  4.0096178546   1.5580951978
0.3286433946  5.4822728338   3.2544256525
3.4986694306  2.3063891769   4.4788496055
4.4737865837  1.4841003390   1.6328052547
3.0656328719  1.1769552015   0.7205934277
3.8804993041  3.4284154443   3.4536753048
1.3432041167  1.6029439620   1.3754003588
4.0567930189  1.9215463992   1.9614570440
2.3916460519  0.0976948515   6.1143754880
0.6516469936  3.6912965593   1.9427011470
2.3719748280  6.0479322364   5.9454484105
1.6516031636  5.3397504198   2.5796362880
1.5160422163  0.0498903580   0.0649279333
3.9139472408  3.9836999519   1.9482209679
3.2856520319  2.2574927815   0.9751933218
2.5964493371  0.7166576989   6.2460048109
1.3684277176  3.3980592489   2.8289363551
5.3944514725  2.6164527168   3.4257075338
5.4098744065  3.2490256813   1.6482791733
1.7840414256  5.5676742372   5.5451701181
3.8666273066  0.9386821758   0.6475518128
4.8976769851  2.7311531406   5.1745969904
5.9994825977  0.3709517725   2.6840242731
5.7780376051  2.3940824554   5.7826961872
2.4178683745  4.5387812301   3.3175982383
1.0219162110  0.5976517417   5.4716154137
5.0061368142  4.1920809023   2.2167757014
0.7151344308  1.8623396083   2.5142317527
0.9979224999  3.7608807644   3.7568603204
2.2357339919  0.9541141912   5.7272360535
5.3266241558  2.7418382251   0.8355820847
3.6617222542  0.0796852443   0.2649456975
3.6830628936  1.4389936143   2.5198021072
5.8172116490  1.6567481250   3.7429417892
3.6133233221  3.2131281764   5.7785154424
0.0626898214  1.3514182088   1.8458478671
5.0854674702  2.1746719528   3.4245831881
3.8252557399  4.6986733594   4.9114514642
3.0153865853  2.5988476710   2.0571119901
1.6866592584  0.3503036756   0.5985536265
1.6216674078  2.4506190872   2.7751737003
3.0222720488  2.9812705235   0.1826950467
1.4284286718  5.1856429995   4.2436029181
0.3053772462  1.9078488248   0.7011429945
1.0633776825  5.1634597290   1.2543768796
1.6238660436  3.5542707773   3.3311031898
1.2435055658  0.3416897761   3.9417993249
3.8056817615  1.6337172803   2.3473768704
5.1754826421  3.7014467773   3.8104605628
5.0932440232  3.0142552039   5.3180169469
5.0406038320  1.2481586379   4.4104548409
4.4492075625  1.5017608477   2.4684996067
5.3996303075  4.9021002055   3.5931567812
4.9076987672  3.8786726140   1.5693746630
1.2804933802  0.9055879560   4.5700543067
6.2413597130  4.4995901871   2.1572006416
0.5882602601  2.5227392932   0.4940762337
4.0879568757  2.9052529479   1.8989729279
1.3519939874  4.4439839113   1.8874844607
1.5322998922  2.5208802081   0.1459030876
2.1343214259  0.0903861375   1.1065584784
1.2432057507  0.4689797259   5.4093123335
3.1845280253  3.7137908724   4.1214439011
5.9737885879  2.8023101992   5.3817844717
2.4793902762  5.8221289549   1.7023691539
3.6723008972  0.5962325388   5.6294059249
3.8109859120  2.3588257854   1.3118687476
4.4902335624  3.4306120402   6.0580473438
2.5229273184  0.7016959187   2.6035012170
5.3953148124  5.6829101053   1.4424007788
5.7835777154  3.9789967330   5.1419716100
4.7176598785  5.6888691353   2.2647332609
1.7944256059  3.9618809648   3.1511686562
5.0065412510  0.0893989002   4.6977750355
0.8970241662  1.9884885799   5.2266669480
3.1701823444  0.7029045794   2.4785342785
3.8370655640  3.9550334964   0.6071840749
4.4220853068  0.3814487110   1.6675046949
2.4085958222  4.2348349913   4.9759372670
4.5784530624  2.9998382539   5.8864696528
5.5749740648  1.9198008976   3.5704740130
0.3509053516  3.2442158078   5.8937632662
0.8684388928  4.4423895113   3.7526223374
5.4227971935  5.1120685761   6.2074852874
2.6499113025  1.9842823218   4.7899769100
2.5843631781  1.9559692912   1.1662588984
6.0264627786  2.1675536078   3.2469617065
4.7139302016  4.1865171144   4.0221942390
6.1637866547  5.4102726132   5.4597795308
1.4672230789  4.7864002177   3.7706549221
0.6046105722  5.5030497931   6.2811079571
2.4164012235  5.4741340762   0.8116386327
3.1433051417  1.0856741217   1.8433021214
3.5830232966  5.3421148330   2.9963214740
6.1363572992  6.0292715869   0.8141904343
3.0967004319  4.8393532376   1.4333420041
2.5188213360  5.4978835947   1.1377092082
6.2517081939  0.4235713642   4.2223984047
1.6398988512  4.0639153480   2.0469665217
4.1803584470  2.0363589351   4.9674079368
6.0586030031  4.0234183120   3.4307065457
4.2169663307  5.5276387516   1.4486295959
1.8797710622  2.3476347531   4.3150558559
3.3371663895  4.8175541563   0.3083950804
0.0091934007  1.0561196240   3.5977427025
5.5530088619  3.2655264957   6.2439928139
2.5408187107  3.9424198655   2.2806016759
1.8925305156  4.4856519812   3.5105454430
5.9726802884  1.9251435073   5.8262742984
2.8943379593  1.6567949716   1.6328521780
1.8073426150  5.7554197785   5.2305948557
0.5317248521  3.8643742494   1.1003485119
3.6579532112  0.5854361681   5.5282115445
0.9617589908  3.9439378375   1.7569844766
0.4592650706  1.2065476520   5.3374151304
3.6477960756  4.8818131248   5.0687462143
1.8033668752  5.4318168737   1.1883083783
2.2740109567  2.0959550822   6.1484672502
4.5542078665  0.8508312510   1.5942179049
5.3929313250  4.8095720024   4.8917495927
2.1860187306  2.0019091291   5.0943095159
6.0428258566  1.5857472356   3.1287306449
5.9914510542  1.2571058590   5.7536582517
1.2945710188  0.4336016904   0.6344983136
4.8270248108  3.4677574218   0.8534110634
3.8675008635  2.5372232576   5.3929634817
5.7737602716  4.7131165784   0.1171593196
3.7858532667  3.0610642244   4.5762196594
4.4116645997  2.4176825126   5.1312127250
4.6726475519  0.3858410492   0.7302346220
2.4196689673  1.3426632354   3.0696902736
1.5802449128  3.4172571326   2.1830827229
0.2309682421  2.5801561942   4.8625005536
2.9664355067  5.6609187786   1.7925094246
4.0531089761  0.3536775917   5.1798372927
1.7528198307  2.7866507871   1.0873748502
3.2538160601  3.3791757688   5.4264319203
1.5435690141  0.8423275944   5.8185736679
1.8692989903  3.3988716511   1.2007402069
4.0870492654  5.3870032298   0.3163740508
5.6007893202  1.2441797878   3.4460096639
5.4104914995  0.9777208189   0.0598027214
1.3189353261  0.3856478889   5.2047624249
2.5075810016  4.1536503742   5.7085528479
5.5787335671  0.1168838465   4.4315101389
1.6118130353  1.8290536939   1.5288894503
6.0745936355  6.1187155591   3.7022512741
3.8902803831  4.8043776675   5.8992824550
1.0388980909  1.5311112899   5.6266050872
5.1911615987  4.2858616126   3.8090315852
4.1198412595  0.8661654332   4.9786598482
3.4334628472  3.9572234125   5.2537955215
1.5791484609  5.3847821250   3.5194702700
0.2523100054  5.6535996670   0.0043674671
1.4663409633  2.1888632264   1.5788082055
2.2689394953  3.0555770612   2.7140130689
3.9801153687  4.2695343238   2.7058717826
6.1958370696  4.4241283213   5.4992513727
1.3016035953  2.8958199337   0.4250006154
4.7568986979  2.2887903456   2.1356973488
5.5689637558  1.7609583390   1.1125137753
2.9671077148  0.4788065772   1.5458847587
0.9984831321  2.7936610853   4.5730247277
5.0951655657  1.0411633678   1.8108447232
2.9939865106  2.5054136914   1.4912616905
0.7306561140  5.7842040783   0.8775034713
5.5023148874  3.2128086982   1.3868892617
3.9909937268  5.7437256590   5.1367974429
0.6112367433  0.5776379738   2.3764832434
5.7078934439  6.2394365832   4.1815554474
0.2200121519  0.6059103225   5.8798883045
0.2497546940  1.9675637296   2.6796598924
6.2113552493  4.9346573583   3.8023326412
4.3114061375  3.7849924499   6.0920786295
2.3668080012  2.9273885209   2.2911695055
3.1687627352  1.8732144940   4.1748472643
4.7971848342  0.8367492830   1.9776645132
0.3070894050  1.8535959289   5.5651167405
4.5611379860  1.0469488393   1.8569623055
4.4065741533  1.9924228240   1.8558398151
2.8832960943  0.6901430644   5.6993647147
3.6586661881  5.2281628534   3.0968851980
2.1305640572  6.1046973175   1.3014968094
1.0720710922  1.3714388520   0.1622271213
2.5082061301  4.4364165804   1.0694542912
5.7791305546  0.2451302590   1.8996616874
1.4202853705  3.8722964669   6.0409032345
2.2682719690  4.2057391216   4.9238648752
2.0392832698  0.2337441240   4.2301951021
0.5251619085  0.0209516694   5.2824137919
3.2211725482  0.8951299369   2.6443054313
5.2330440299  5.4186533081   4.4217121751
5.6838542427  1.7343942371   3.0240130151
4.5464872043  3.3407164532   5.1558309594
2.4064337360  3.2812132124   2.7482037049
1.8724963875  3.5664472867   5.4033750192
4.3461523863  2.0925052478   0.0559029698
5.5320740263  2.5975728071   6.2582480952
5.8091083422  2.6034262242   1.7291392584
0.5105262444  6.1821628984   0.2105898135
3.0327239933  0.3627867076   0.9556722105
0.8059131136  2.4915524343   3.0133915109
1.5890876798  4.9720138551   5.5847611381
5.5540941273  3.7333773695   1.7807747780
1.2332442172  1.9450422747   4.9268154180
0.7624875004  5.6661947711   1.0706076579
3.4161363945  0.5851341341   4.5948528877
1.9768204626  2.0045066151   1.5495706843
2.4004338643  5.5729441856   0.5142217053
4.9733878664  4.1307650310   5.3589836964
5.2727201759  4.3009464677   4.3137344455
4.2740512655  2.9779070369   6.0199865631
2.6195982305  0.8874632210   6.1892869011
4.0393957927  5.9748372441   3.3597613002
1.3451134309  5.5457034909   5.6924430502
3.8784268575  2.7485074456   2.9948716084
4.2423510871  5.2461883036   5.5899693373
3.7763419278  2.0429362374   0.1498524594
2.1759267873  2.3099458471   0.8088019765
2.2896013230  4.9941236544   4.6535796516
1.0774473824  0.6239750668   2.4568524084
4.9974041174  5.9802198987   2.4732405623
3.0955175047  0.0092609308   3.7815246887
2.2281611093  1.8560268593   0.1500768542
4.8698531438  0.3044489316   2.4358086238
1.4878884844  2.7818198745   0.3565464349
5.3082451139  4.9627510973   4.3326996329
5.1303902660  5.7398193094   3.2697124955
5.3170096236  3.3505359597   0.4780653208
2.3259525823  5.0521613019   2.5526052647
2.4079021620  3.5352992856   2.7031072108
5.4119258336  4.7178958905   4.1425811976
2.9148274246  0.0579960270   1.3721922188
3.5848601923  2.9957275759   0.5094950691
4.3687415244  1.5728668030   2.9384677791
6.0376212922  1.9347074771   4.5783794230
3.4325856844  6.0755204057   3.8577742185
3.9997285731  1.3119564906   5.6586225167
3.5870233003  3.2702487442   1.5882595749
5.8252174204  1.4171481263   1.3828996665
5.4271991371  3.5638093471   1.4816064642
1.0671314856  6.2716464012   5.0901938331
1.1227991145  0.8285343463   4.4133662349
1.5299830649  5.9984098914   5.5198088137
4.7235689980  0.7783453601   4.4674153138
1.2511981799  1.1701691581   4.1536896481
6.1759973797  4.0620963322   2.7619464734
4.4587914688  0.8053100646   3.5361364798
1.1022978119  0.5109517887   6.2223095567
5.3928415649  4.1420457412   6.0149901283
5.7140008684  0.1721520585   2.1162915798
6.0423073359  6.1900672495   0.9767575823
3.5851836770  3.3887162827   2.6205853980
3.5366745099  2.3488740560   3.4838818404
1.1099950857  4.4405462527   0.1869380756
3.2275407248  5.9527612275   5.4456761120
3.4461506836  2.4019194215   5.6197704328
1.0384687991  4.3536728517   3.1239393177
3.1032214830  3.7829256240   1.3149890236
3.3622409526  4.8710878662   4.5339284975
1.2491422256  3.7186039854   4.3964459407
3.9154857539  2.3636074403   2.8949602333
0.1653444948  5.3447865525   1.0718677241
2.0030226838  1.4183360340   4.9911830145
3.3489348433  5.0074365825   5.5826078772
2.0531799462  6.2635880917   0.8954451228
3.7836741286  1.7675280133   5.9041307673
2.2740903953  4.4634553048   0.0016390014
0.8477313614  4.1760692709   2.7570932294
5.7416595790  2.6064885270   0.0701691668
4.0247498749  3.1307221290   1.4735043874
4.1392000116  5.9635158486   4.4421127545
4.2432256152  5.9890171011   4.3615633403
4.6781940902  4.6050929833   1.6658033604
5.2915577539  2.4170157530   2.0519225586
3.2462527250  0.2518472129   0.5858061032
0.9542191936  3.6626797422   0.2613764405
2.3917841752  3.5481941732   4.7706978903
5.1586170400  2.2316782033   2.0412466443
1.0767141505  5.5304648659   3.2787031445
2.0732958399  3.9240385555   5.9808879553
6.0725225879  3.9208053122   4.2033153602
5.0660857957  1.8581980901   2.9727108171
1.3960479371  0.4692278194   4.0801256116
6.2817597950  1.8454091886   4.1823137964
0.4004820474  1.4749137161   1.4460590287
2.6733892760  2.1733373416   5.0572709722
2.5405315363  5.3312221573   3.1590916107
2.5151143666  1.0075991280   2.7270891207
0.7032307117  0.9918911296   4.4549893942
2.6660232161  3.1960004494   3.4888265177
3.8550224752  3.7906519794   1.6022360635
6.2081721533  1.0140870611   0.4724991063
1.3816773426  3.9926772773   3.7014394180
2.2247570263  5.3026350263   4.2363878713
1.6728470635  4.9151424188   3.6945972348
1.8315361641  1.6623194305   3.3533501812
1.1836863992  1.9773118961   2.9695362394
0.1436312513  1.1510517233   2.0345657481
2.8236897530  2.8115574914   2.7079654537
1.5308364834  2.0525822841   4.8059946217
5.4583698619  1.7581376018   6.2609596392
3.3213594072  5.8544452991   1.6651589954
5.7436806572  2.5113414965   4.9767037450
6.1193837787  2.3839860043   0.8457749277
3.6783397819  3.7249641009   0.2232802056
0.7475443763  0.4304402026   2.8522299094
5.8215759494  1.2895462630   3.5372892221
3.7294523246  4.5466277330   1.4506793873
5.5519187011  3.6137590304   0.9095691402
2.6670609335  1.2580979249   4.2543185656
3.8155106847  5.2997433123   2.2246906304
0.4446207017  2.6623741166   3.2073920989
5.8105165521  3.4227712443   4.3649706295
4.0343039535  3.3173169088   3.7403359065
0.6565907779  1.1630667399   3.1799876603
4.3996438947  0.5132716107   4.8782603933
2.4869119434  2.9159862331   4.3052558111
0.5334722826  0.1919813177   2.0074377476
1.3476104693  2.7330860676   5.2285079318
1.5632495775  3.5051689284   4.1520643301
1.4241036631  4.0135864893   3.6886584179
4.4171068605  0.2149943484   0.1198733109
4.7384804428  4.4604360600   5.2587121368
3.4387033367  1.0638937451   0.7162697082
3.4776388919  3.7283320372   5.2805174042
3.9620056999  3.8205845669   2.1205544691
6.1918086323  4.8528784088   2.6982236375
3.9852874856  0.3535775556   4.9874584787
3.7727738823  5.3703964850   0.8894947181
5.7125901302  2.4145296280   3.8208165669
3.5866723508  2.5108799844   5.8473133425
2.1075055209  2.0446583630   3.9988940937
6.0138826964  3.4896189820   0.3001518933
2.7641184982  1.8561792520   4.3878381128
3.7796035852  2.3003998174   1.6154668109
4.5255418875  2.1931353302   4.3410621773
4.2648901032  3.9598145260   2.2819258021
1.3368042863  4.1748127196   3.4047590154
0.5128547908  6.2335251255   1.3957588321
1.7246049828  5.9335968071   5.6893446815
5.4507787796  2.2013005381   2.3470283705
3.5145441073  1.2126418516   0.4952186582
2.9193423842  5.7778672815   0.1943385253
2.7036602974  1.8139056489   3.9389339243
4.8630969606  3.4611518613   5.8873235012
4.1087031831  5.7762840158   2.0102127495
4.1326348958  0.5657915512   4.6820709027
1.0117241818  1.6191536197   1.8153907067
2.7167037262  2.6832214533   0.7813395016
3.1735494641  3.6299424876   3.2300661454
2.3582822728  5.6518596119   2.4348088827
3.0182677255  1.3711519903   6.1487864891
2.1514971267  6.0760405281   1.8335449229
4.8829550942  2.7267854181   3.7217980922
2.4123904349  4.9311847180   3.5899384119
4.4708408873  3.3001415754   3.8695373211
3.0217937191  2.0814738543   3.5243282502
4.5815744579  2.7117828600   1.7584084399
5.8908584349  4.5107087915   0.9540993851
3.2500052622  5.7567302675   4.6056534047
5.6741482927  5.5922107732   0.2494331601
1.3709448032  0.8463831268   5.0367414969
5.4865989281  0.7534340629   2.5535926301
0.5195750149  5.6137271248   5.2151156694
2.9242159089  4.1034574803   6.1011958947
0.1377891405  0.2530746196   2.6545393261
5.0785764761  3.1712239265   0.3386941417
1.1260065023  5.6200168718   4.9450978970
1.0391901354  2.4236034204   3.9588906850
1.1410482366  1.8350160679   3.1970064822
4.3444240554  1.4704951378   3.5668773215
1.3431158032  1.2625957665   1.9427035137
1.8730480749  2.3895334690   4.6943937673
4.8275921070  3.7371766826   2.1153025076
3.1488189114  1.6863188145   5.5502792401
5.7143359096  3.9109224626   2.0964219714
0.3635005107  5.0552455001   5.0015070434
2.7441932984  0.6532706839   5.0566059284
3.5955826093  4.5819519855   0.3156589128
3.5504216759  4.0752128198   2.5290143242
5.1761921510  2.9823429554   6.0644779492
0.7923023001  5.8616596627   2.6036008399
1.8856893270  0.6059735090   2.0767408426
0.0133330753  3.7642997869   3.9984454267
5.9759837766  1.4675303492   5.3911323993
4.8148009006  0.2031249396   4.9529343463
4.7205832731  3.6433632064   3.3829281876
0.8725135044  5.2916870565   4.6600528512
2.1948394178  3.4990869734   4.6478016500
0.9509007861  5.2771404624   2.7947269383
3.1209880674  1.2877531146   5.3432827264
5.0809119541  3.9034595768   3.1072541648
3.9764319043  1.0934054822   5.9574494916
4.3253541757  1.8192323352   5.0126510305
4.0185381957  0.1162573713   0.8359437720
4.5824635545  4.4076318117   1.4939514272
5.4025699195  5.9821665181   0.8025102118
3.9392768282  4.7061644489   3.3559774429
1.1346890609  4.7546584151   0.3562358093
3.6021912684  3.4060461140   2.9441435452
1.0277164705  1.7722532986   6.1744095652
5.6928909525  1.5385940401   4.2865219788
0.4859590512  1.7989904194   5.4720305958
2.1270759397  6.0515519752   3.1177829341
3.6481276429  1.4495016061   1.8074349753
2.9859905590  3.3760900101   1.1499442859
5.0599778466  1.2881048382   6.0395171758
3.3349774167  2.7271618846   4.7517309926
1.4282329359  0.8935441759   5.9712470882
4.4578255718  2.3598624565   4.2176927464
0.9338858745  4.9860884706   1.1690155927
4.1350659203  5.1070713549   1.8211307328
3.9834298299  5.6786857442   0.3657305476
1.4407736701  3.3952808733   0.2768762412
1.1449723881  5.1387867467   1.7565199415
1.0452236324  4.4511130573   1.0710922169
0.9400090799  0.2714892233   4.2543482886
1.2738994706  0.9170056398   5.6700590682
6.0001837408  1.4660912077   2.2116015677
0.0999550407  1.5500686083   0.6293145166
6.0162400964  1.0699180287   4.9825799961
0.1614293899  1.4769056523   2.9432477555
6.1016682500  1.7307729851   4.3186921722
1.8698487837  5.9791207718   4.2919089755
3.2991314565  2.1781980282   2.6479597660
5.4182370634  1.8681288311   4.1427712725
5.6322781187  2.5410848092   3.9799400314
1.1875883447  1.8990137530   3.2995896864
4.1514234155  4.7583258737   1.2018567951
5.9139283995  2.2603375495   3.2164003191
6.1305486761  0.7847671532   4.7018977122
0.6781771959  3.8778723895   2.6378503144
1.1240570010  2.2337946080   4.6337198528
4.6907209580  2.2804078816   4.3132039795
0.3108198939  0.4303245947   6.0050036397
0.4478961230  5.4485387317   1.9346333538
3.0732662779  2.8770466636   2.1507397502
5.3400403703  0.4876718480   2.4318036530
6.2645961508  5.6857875621   0.1644680640
0.0275995988  1.7699474193   3.9806894640
3.4093032457  3.8571082408   3.5515771491
5.4120102064  4.1585760972   2.2965759387
5.7122889607  1.2567916020   2.6481031043
5.3114942323  6.0317713602   2.9040899582
5.5221211956  4.1789841486   1.9756770977
4.6884012721  3.4010871976   1.4178742235
0.7382075474  5.4598924468   0.7284529266
3.1982811652  3.5000324604   0.8417338669
1.0608012587  0.1344483341   5.9471821941
5.2220275855  3.0327713517   3.0940476098
5.8308641800  5.0767231193   4.7011648675
1.0649020731  4.6244832354   1.9536632260
5.5526853447  3.5958945676   0.0484137320
2.4370144407  0.0564534987   3.8680650386
2.4037548115  4.5130892557   2.2466995516
1.7055890235  2.8238305578   4.0767132861
5.4530706114  4.1444943899   5.3154316930
4.6589973444  4.7325476125   0.6368210126
2.8140673574  5.0563243477   3.6964094416
4.4587924449  0.1831899256   3.6592152106
5.9334084418  4.8997363973   3.2785897228
1.0940148643  3.5647683167   2.8563349717
1.5368437776  0.4782548715   6.0739678346
4.0270764573  1.5809865495   1.1454683977
5.0806622414  0.8385195334   3.5147644047
5.3618881693  3.5466942516   3.9362553071
2.5014469497  3.3990856477   0.1893123562
0.7256690022  0.4330462273   4.0355206366
0.5044200966  6.2104943029   5.2663217079
2.2648848542  1.5776791820   2.4827128139
5.2081671705  1.9821752652   2.7479021045
1.3484325533  1.8890833232   0.5333342240
4.9702529406  0.2641390669   3.6529024027
4.1135279964  3.3169016963   5.4769393869
0.1642829783  1.6086357658   1.3000355067
4.9371780143  2.5680006194   0.5944523645
5.7966345710  5.9533975155   1.1809384979
3.0932946311  5.7760126838   4.1961409666
5.2402497775  0.7617964923   4.6019362721
0.8253195458  3.7192990881   3.9647555812
4.7738603428  2.2597612501   2.9418260337
5.8165719687  4.5195387495   1.9751967794
5.2320559967  3.2895685257   4.0304539077
1.6298655625  1.6389271166   3.5313191313
1.3384552388  3.0981086510   4.1703176562
3.2818005620  5.3773755567   0.7846256107
2.4966682976  4.5515789181   4.2350376439
3.0103355463  1.2510469229   4.2745218276
6.2448807450  0.9882562951   5.8441172231
3.7980501644  2.3277663425   5.2076277057
5.9370361232  5.4178147923   1.1190375316
3.0815393202  4.3024904838   5.9642547620
2.7516993897  3.9847827970   1.2542673514
4.8547381399  0.8879604267   1.3677279358
4.6751081232  0.4982707010   0.0535449110
2.7828483295  5.5049835745   1.8888925006
0.3330091512  2.6416314383   1.7245510406
0.5518009209  3.0640808117   3.6847642891
5.0138936446  2.8923103826   2.4916150248
4.1191455334  3.2400957180   1.1712031699
0.2031702743  1.7089911561   2.4681382245
3.5001541194  1.4550590359   0.9713417429
4.5226465538  5.6519392951   5.2295231188
0.6937142310  5.7095136914   0.9409200323
1.3612356115  3.7927998999   4.2697131393
5.0957903026  2.2948485042   4.7129543633
0.8712383051  3.7610550389   0.0935566808
5.5411361005  4.2002286154   0.8937611069
5.8028738772  5.6207119524   0.1926148422
0.0801455650  0.5487452806   5.0811837636
2.3697614772  3.3867019072   0.2962267737
1.0543919386  2.6920303428   4.1857416751
3.3943199328  3.8776897687   2.8653362989
0.6387639174  3.5115206986   5.0453750520
0.2467265240  1.4190617257   2.2521380666
5.8636514433  0.6567155749   0.1591785000
6.1046918430  0.0626914619   1.3734298919
2.2677776325  0.3716711710   4.4668100546
4.0476619278  2.0272846337   3.4489710192
0.4269254902  4.8975953351   5.4644424848
1.3063496011  2.1078741244   4.6422413369
0.2488383082  3.8928644029   0.6486140513
2.9490715406  6.2384849517   6.1036948989
0.9430855225  4.0715398615   4.6414682020
6.2285650821  3.3915115034   0.0870697231
2.6833118687  1.4592996519   4.2670472740
6.0027799603  4.6485029789   3.0505036263
4.5505783198  5.5857036413   0.2181418295
3.6498502722  5.4023306421   0.7190453422
3.3945405460  3.7514435745   0.4814497694
4.4324177299  4.1139290478   3.8190750882
0.0315974057  5.7492024814   1.4669092110
4.9166916442  2.7217695676   0.8922842156
5.8236304533  1.8206205237   3.3311764496
0.0521231526  3.9702335867   5.8452556996
5.1812926865  1.8561901613   3.8761144223
4.8213134517  3.9083221563   4.3347187603
6.2651958901  0.2986661505   1.4729411611
1.4303864375  6.2493182802   1.2996383016
5.7776540793  1.2991374639   0.2347791730
4.0338006037  3.8161802851   4.1680450075
0.6617462262  2.1842257547   3.1871744652
1.6849047130  4.5096749996   3.0523742454
4.7993719183  0.1758870609   5.4141894181
5.0611695743  0.4199791717   6.0665090615
0.6550409028  5.8249157887   4.7732600733
2.9515814411  0.5514862368   1.5499326838
1.3764064542  2.0885217604   4.2491137747
5.7975447612  3.3060920710   4.7708568141
2.0126464550  1.5496981700   3.6831392268
5.3881066596  3.4111378889   5.1675383188
1.6326647643  4.9063374058   5.8234769678
5.5170321804  3.2790837109   4.0059508398
1.1829203239  5.8556141316   0.1189901307
4.7701555641  0.9243318333   1.1582463452
0.1991097449  2.6186161338   0.1680168312
4.0359359540  1.7611320212   5.8747699120
3.5617549901  3.7579751249   3.0439981877
2.3650509255  0.2291782837   4.9937849469
1.3354808548  0.4001541002   2.8703810967
4.9772682151  2.0287306124   3.1052083669
0.9138483373  0.6181305367   2.6748396514
3.0733726574  1.0684218973   5.6031697025
0.0807122080  2.3320909270   5.4932954199
1.1725179324  0.2498296430   3.9782010990
3.0487928777  4.4562923385   1.8364450837
5.2667297692  4.0296666114   1.8326690627
0.8862870726  1.0936566390   1.5425222673
4.6006550170  0.3905121728   4.4255485035
4.3421014928  2.5551164946   4.8670299388
0.2167235218  2.9095101724   5.1688847684
3.0715807760  1.2734401804   5.0654389369
6.1034259526  5.4635430930   1.5944899263
0.7065528545  3.7569701417   5.0296889636
4.6697498662  0.1445983181   3.9565765928
4.0120737624  5.6512629745   1.4545672454
3.7333613485  2.8459443789   2.3943759091
3.1329376459  0.3645892196   2.8475498882
3.5679234855  0.6677101860   3.1451084609
2.6798052454  6.2732911219   3.3965111901
0.4790265440  5.4432956139   2.1686109896
1.8258097915  3.8654520220   1.8311088702
3.5269721217  0.1692971890   4.4204005016
3.9793515427  2.0264694854   5.8689877699
5.8482372018  2.9139920189   3.7333101049
6.1435048055  0.6221436230   3.7264992291
0.5880844427  3.5876243187   4.6415839779
4.1578032800  2.0475336038   2.3413861756
3.7873338256  2.8305268306   2.8479817642
2.9770854365  3.6306996433   3.2005010628
2.2384246168  0.4702606538   5.8352622750
2.9881474769  0.3602946177   2.8323833234
4.2161556861  1.8909650505   4.0051213972
6.0296286019  3.2780712848   2.8862682421
0.5597329481  3.5303976373   3.4794675469
5.0123637026  1.5177333823   0.2590724367
3.7119534880  5.7347899155   5.0403849439
5.7315012436  5.1882414310   4.2192320381
0.6354142506  2.7931641662   1.2586954002
1.8428245914  6.1704810679   0.0916488876
0.3241382541  3.6333622458   4.7951135559
3.1675307773  1.4729262682   3.5657815512
4.8278472347  5.0930899582   4.1105465410
1.7780495580  2.8354392000   3.9881914829
1.4159801852  1.5706026125   4.6139327279
2.0815542150  6.0031910617   5.5752373267
2.8478622316  0.8962985642   4.1840297105
4.6331243244  3.2205307283   0.7582208827
3.2037060540  6.1067857442   4.4845329838
2.4034075500  4.0735186019   2.8100112456
5.6893188440  3.8620918174   4.0274109011
6.0648933060  2.9509003163   4.0771346212
3.9475201985  3.6303031902   4.2623583115
0.8295763078  5.7259498792   0.3696249574
3.8849046490  2.3638617573   1.4071398553
2.4065862902  1.4373714577   1.0554593733
6.2278539913  2.6610852481   5.8341223255
1.8021889813  1.7190557552   3.2372917909
4.4371316145  2.7932895783   4.2308677562
3.3627978315  3.9427933227   4.1959125627
1.2139807589  3.3592500688   0.5118372299
4.3318484964  2.4218045163   1.4141783192
0.3170181346  5.4880488291   1.7856134655
1.1588337259  1.8871467581   5.7413468125
0.2868797072  2.5134608316   1.4394875871
5.5608797619  3.2529527788   1.5621281030
5.2765837459  0.3884561372   4.2492601297
0.7423913003  1.4537231209   4.0745869967
2.5787125786  0.7444694413   4.4213320612
0.7554185101  0.6206532700   5.2596750234
3.5945633302  5.5937656616   4.5697336752
5.9651941447  0.2097897605   0.1221098725
1.6109154690  5.2718123333   3.6677872999
6.2195079582  3.1872508322   5.7860397273
2.1979087438  0.7145014716   0.5760299050
1.3101847159  3.0815609458   3.4844070778
4.1835154291  3.7664034087   5.8484064438
6.1157051601  0.5668446821   1.2531998034
3.9125383695  6.1463628784   3.3006802960
0.3992203530  4.1030379572   0.7963253002
2.3468296114  2.8973786022   4.7043922456
1.0445892048  5.4271522687   1.9771217050
1.4531630222  1.6514037642   1.1760497518
0.3280365176  5.1771118562   6.1600042525
5.6659020398  2.0670128032   4.4788249695
4.9843987531  5.9143656670   5.1877118860
2.3437181252  1.5337762452   4.2927967299
5.2279538996  6.0137005272   4.3316392733
4.7364822100  3.2096079126   3.3355915407
3.9072810758  3.5473598767   1.1866028048
2.4761604836  6.2437025976   3.0977090449
2.2574100086  4.8442349640   3.5156926680
0.5582764768  1.9716756186   5.2042384282
2.1468199291  0.3636244259   1.2746610500
3.4473990151  0.2769238012   3.3159272932
2.8937050408  5.1078776058   5.0756275110
4.0554968693  2.5891327640   2.2311871194
3.2265466048  2.4137683779   3.4416463858
5.1171924211  3.2869009421   4.5077949023
0.6106200920  5.6055372806   1.2724227154
2.9135982310  2.5504746049   4.0448438877
3.7059325846  3.7974874320   0.0005593039
1.1760368035  0.5956683130   3.2243860619
3.8411005952  2.1110326280   3.5803412827
0.3263610942  0.9100681113   0.0442128896
3.6173991035  1.5386297465   5.6075698041
5.2926078541  2.3811491564   5.2351098224
3.1398708951  1.6984682147   4.8705082265
2.7584747236  1.3546503509   4.9520022505
0.9365532754  3.9818500056   2.3475838897
0.1776850304  5.0247611203   0.9570043807
4.7542964942  1.3101322690   2.2133167599
5.0020830046  5.6313437381   4.0532697935
1.8444641977  4.6854307904   5.8555312758
0.7238653339  3.3702114218   0.5863533574
2.3567702247  6.0944710555   4.6418776397
5.2080930002  3.5492656351   0.3472550551
5.2890382517  1.3677859746   4.7573669707
4.1798164646  5.3894856809   2.9121895061
6.0327373893  5.4161014486   0.2827712880
5.9257844833  1.9685357473   5.2906274105
0.7081117947  2.0545023934   1.0349132671
4.0733101758  5.2779598780   0.7230308601
3.0209809531  3.0946747660   1.7062672782
0.4179618343  0.3261129254   1.9753473017
5.6408629735  4.8884335845   3.8081734159
3.1241890404  2.6808616656   4.2566488575
4.8462423716  1.7590523797   6.2055393171
0.3792670730  2.0954926397   6.2408413631
1.6490688872  2.3055517153   4.7597412127
4.0907894914  4.9938279941   1.7282504785
0.8394581271  0.2431013754   5.9942451435
4.0121011916  4.5657980920   2.5829067324
2.4186687984  5.4832381725   1.3610842364
4.8110232130  1.7958272422   3.9529408670
4.1023902210  4.1271056156   0.0934249128
2.3969664898  1.4569866358   0.2720605803
1.8850723510  3.9078518673   1.1326203916
2.1371598576  0.4720165513   1.2595593315
5.7737857138  6.0743063126   4.5198568699
2.8668089375  3.8325542693   2.7826189524
2.7802903510  2.4109535796   5.3123868669
2.8537336685  0.1920755507   2.4491234409
5.9393820313  5.3882434950   5.2624956676
1.3767649832  3.7921736746   4.7024530840
5.5443002824  5.3271383761   3.6685071361
0.1248809647  3.1705973881   1.0089136687
2.1473720929  0.0497052584   3.3228008856
4.8130923917  5.7747070849   2.9070470280
2.1538991806  2.5805343376   2.3847443253
3.8880753066  4.6015897060   0.5857812834
2.8464159095  0.9494224680   1.6282588690
0.0638535155  5.1222617460   2.1101238596
3.7641379893  5.7152012636   2.3568995461
3.7797654077  4.8879566419   0.9189765159
4.0804101861  4.7571449665   1.9903238572
2.1533772431  2.5459311264   1.7669913399
3.0994906347  4.4101745540   5.1529887055
4.4093757418  3.5528958519   2.1494127131
5.5782282610  3.6740068550   5.4789510682
0.3459386500  2.1671623423   1.6840789430
0.6180263625  4.4248279433   4.8721814853
4.0827056505  1.0107363045   3.8277730032
4.8007989975  0.0095123239   0.1129015492
6.2075291059  3.5311554968   4.4077264183
0.7874388880  3.4336610245   0.0989746635
2.2900776320  3.4609528999   4.2970272222
4.2488789675  4.3639031707   5.5160186593
2.3609582204  5.8276172517   2.7131175387
5.4252697069  5.9326483396   3.9668445287
1.8345440318  5.6753708793   3.6822025838
0.8386480997  3.7957117426   1.4288669676
4.2263878291  5.8195475364   4.9301307580
1.2728789753  0.7347950126   1.8072721492
5.4570419324  2.1413190271   5.8080232054
4.7196606483  0.2307841835   1.8753746020
2.6350400550  3.3826775344   3.3696923005
0.0014518255  4.6321451719   2.0963689639
0.9391083272  1.1386545660   1.4909619365
1.7205516601  2.6781867611   3.4258390965
5.4816080608  0.6168074652   0.6766087253
3.7777723534  1.9051972926   0.8617722634
2.0180865677  4.9016549333   0.5933053462
1.7862660684  3.3738218009   1.9533393764
2.7351698749  4.8322183278   5.1059449992
5.6784855916  4.0146013263   3.2267781001
5.8126101962  5.6118159343   5.4442319174
3.1748461115  0.3813289506   6.1605828109
3.9432128031  1.1044051938   2.0524190788
4.5192685370  2.6158902195   1.3798935169
0.1502490648  4.6482492256   3.2560957947
3.6124074492  5.6106004322   2.2180011766
0.2923846609  0.1624411161   5.4002541656
2.6548430106  0.8643339987   1.6337579566
2.9388610382  2.6646199257   5.3012555854
0.1421758339  4.8039147703   3.6618501631
0.4088722675  3.2951360320   4.5201582784
5.8053888731  4.7405461891   2.1584235473
3.3561185947  1.0668750846   0.0582697459
2.3046501847  4.2268684393   1.2091768814
2.2867412879  3.8871098235   3.1880114629
0.9511087930  0.0430152487   0.1523159640
0.9400185488  4.6509741373   3.4560122880
2.2041545479  6.2312577837   1.7353158880
2.1109372360  0.8053872204   4.3746125357
4.9261922441  2.2656083014   5.5377030555
3.0582726629  1.2005487336   0.1550778239
2.9204120453  4.4886928859   2.1438634163
0.8246841037  1.1175713918   2.6477699614
5.5693618663  6.2005535663   0.5027249366
4.2383693056  0.1068086832   0.4985946879
5.2474627668  0.2500485929   0.4547533856
4.1248353467  5.0537577804   5.6570093809
6.1821326902  5.4022342560   6.0903436616
6.1562013272  3.5578695641   2.4586541342
1.5717577396  4.7382297169   1.9703133235
3.9242934678  3.2642075470   3.4765717557
4.5756820932  3.6813463727   4.9765847489
3.1300964054  1.1984109476   5.0159553173
5.3396286565  3.1632160064   5.4240133783
1.1995744519  0.3199060718   5.0137443987
0.7800184199  0.3524599493   0.0400641671
0.0175327343  2.1061073782   5.7799107289
0.9610307227  3.9640914979   0.1128600907
3.3562314451  5.6044619016   0.1848291942
3.2084055651  4.2310757891   4.4701842277
2.4203827566  4.3056598004   3.3829561060
1.9515350745  4.3714934622   3.2960872614
0.0223395352  5.0254891090   3.1556665515
5.1223193542  4.1507046804   0.4126324759
4.0113014762  3.2668579766   1.4453878673
2.8169994095  2.0843613422   0.7353860178
1.5336361254  5.8695802636   6.2189149906
5.0478173683  1.5486603392   0.4430681807
5.1771617722  3.2120043601   0.3771397529
5.3544717672  4.6515544669   4.1568115239
2.9358293645  1.5969879919   2.1617787220
6.0990815260  5.3129657311   0.8074731814
5.2856920349  3.3813239572   4.0032414418
0.4935329361  5.7185539851   4.6903235014
1.4928778400  2.2035533634   5.0596436529
5.1369493488  5.8768195605   1.6903473204
2.5498970181  5.8290332748   2.7267753709
2.9299260933  3.6926302695   2.5246246171
5.9786783847  0.6393903476   3.8210710118
6.0633071590  2.3051495140   4.8386021639
4.8084266307  1.7331886124   5.9132562844
3.6099010123  1.6719399107   0.8260176230
5.7549266624  1.4233843136   1.6067532780
3.1128936316  0.0082987060   2.3769969086
1.0430865285  5.6109307967   6.2438255216
2.0483037701  2.8494088744   2.1422598471
1.8625629858  3.6343263631   5.6520525472
3.5078928790  1.9830080846   1.4921409759
0.4239692575  6.2455922245   1.3823075712
0.4334005898  6.1819813098   6.2271166741
1.0479384371  6.0604331373   5.9759692888
5.9529301712  4.1862679607   4.0100342282
5.0962188284  4.5625863845   3.1675474940
4.4639247715  2.0988512709   2.2501239311
6.0962326575  3.2846781645   4.8283270317
6.2733005331  1.7175361336   4.9282973723
6.2043615333  4.5137085565   0.1816977342
0.9430217818  4.8884284788   0.3294979943
6.0222999414  0.5093415131   2.0321014082
3.3329725042  1.3922290826   5.0245792513
0.4654993175  1.2815152962   3.9598504138
1.9592285220  3.9213315890   6.1750997416
5.6245238923  4.5565981266   0.9943124211
5.2450039902  5.2424648050   3.8746910396
0.0147576672  0.1187231861   1.9397274861
4.0225570989  1.2699425330   0.5345640214
5.0465449548  2.9473980057   5.5092825910
1.5402019593  2.3775270448   3.7114865993
0.4028918645  2.1387569064   1.9045788433
1.6534096538  0.4011888263   1.0560155974
0.6454110646  4.7836147548   2.1355086213
3.0392962696  2.5300005012   0.4237764312
2.6319287011  4.2366872381   4.1059978543
2.3957094930  3.4625104842   1.5348915305
5.5717095416  0.3233149129   4.7621407072
2.6424407981  1.9320539569   1.8787616527
1.7834687601  6.0660683746   2.6314928490
0.3027310561  5.8526309760   0.3508040195
1.3770604814  2.3752119739   0.1938759757
1.5027872175  3.8809362747   1.1723191276
0.1838364959  3.5345015384   1.7021503948
4.4127496433  5.2185668475   0.4162188777
0.0479756056  6.0173986428   2.0954026685
3.8385278422  0.4744160114   0.3135659612
2.5641021857  5.5796218419   0.6365400839
1.5641780895  3.5339605586   0.4515711181
4.0995253523  1.2211692687   5.6832228978
2.0123602959  1.3914289219   1.9590834309
0.6513911694  4.4344400228   3.7181938004
3.3650534762  3.7495626858   2.3726886945
1.0359102851  3.6838068722   5.9788519155
5.5508090744  6.0852282017   4.6646064764
4.1874729060  3.6552017422   5.5737719842
5.3265231695  0.6270637238   3.7629755252
4.7919407899  1.0467964019   4.3330722253
5.0706170914  0.6414742314   2.4574574741
3.9769574941  0.9188976599   1.4028699297
4.4637464226  4.2195658761   0.8247310850
4.3270006306  4.0203161107   1.0837132712
2.0165748855  2.3400809579   5.8973845392
3.3404460092  1.0233610277   0.2166565018
5.4864394448  2.4474188532   5.5264195670
0.3426828778  5.0264010082   3.2818801540
3.1441108004  2.5119779009   5.0783679808
2.7191314710  4.7445531397   2.8122263989
5.6817744650  1.8548617211   2.1773684679
3.9595587745  4.0212757339   4.7573185567
6.1765987470  5.5613550996   2.2632845521
3.6769221750  1.3172278451   3.4972629049
5.2818750160  3.0181688271   5.5840003308
2.9456438579  0.7099217732   5.2789052077
3.4257329311  0.8317029774   1.5332681611
1.1253443812  0.4021380430   2.7370699540
3.9864404111  0.4982402301   5.2059511282
6.0504484288  3.9392691913   0.9594630339
3.3553073570  2.5844875327   4.7623650267
3.0135052231  4.0123773324   5.5072652499
4.9867510717  5.3819061231   3.1549355868
0.5825374761  4.7976834278   3.5830915660
5.5342267463  6.1333960305   5.3500189076
0.0243381414  4.9105433354   6.1866927693
3.2140320763  5.8784426382   4.9650581784
4.2629127386  4.6442300366   2.2034059070
3.5546973022  1.5935399969   3.1535611243
3.0062443393  4.5191828208   1.6035460498
2.0138415931  4.3574682767   3.2036180414
3.7798373508  4.8589062697   0.4939831011
5.7375078941  4.6949034140   0.3512254837
4.2883859179  2.0004635775   3.9897464338
5.9485018355  3.2071322907   3.8761182389
0.6225946032  4.8573199262   0.5119128860
3.2108894278  3.5991060970   3.8297314755
0.6919567689  5.9932184107   3.4222665635
3.4259814162  1.0780205821   5.3779142534
4.3277694402  5.7003262197   4.0381375315
0.9262482552  4.7263340240   1.7067193817
4.8855600869  1.7980920110   0.6707341889
2.5073128447  3.9421354464   0.3802170632
5.6441850358  2.9080336066   3.9074061681
1.9292135573  0.8132907642   4.3923866651
0.3835956650  3.4518856399   1.7274991574
1.3789778702  6.0916067346   2.6513112607
0.5204546929  2.7780506288   2.2985318189
5.9715100057  3.7131358810   0.5162184713
0.1028598958  0.6972466261   0.4383765083
0.7204830146  1.2557089814   0.7595718798
0.0779739902  1.0239336581   4.2590759905
1.3585963783  0.2317077094   1.3756169555
0.0718012811  1.7135796015   1.4908738047
4.0366277861  1.4459719907   0.0542529261
3.2483498752  2.2528027205   4.5685746590
1.5427867939  0.8441000723   3.5250817572
1.2173504403  6.2743549015   3.4681461827
0.5709566815  3.2265466894   4.6637167615
2.3149872585  2.4369102034   5.1813234325
0.0489643016  1.5698711777   2.4717718514
3.7868840735  2.2918070867   0.8541591455
3.0087330921  2.5073524794   1.2298908589
1.9359605353  5.8201193231   4.5257732872
4.6774824153  3.1131482379   4.2074403308
5.2737870484  3.8276348376   0.3760462299
1.6489083853  0.0302124676   2.4144820918
3.2310530313  3.6928087367   3.0865264506
2.8071646341  4.8849404700   4.8642015839
2.1438928565  4.1292037245   0.9287248796
5.2724834607  3.3194991202   3.0506995068
6.1731824499  5.1884857950   0.4513520404
3.9361925486  6.0471497189   4.9476540943
1.1389854885  1.9712642951   2.4738918374
0.7729387129  5.0082331217   1.4838458429
3.6440508750  1.7918123841   0.5062215180
2.0642513330  0.0935872631   0.4964015518
1.6850646763  0.5915603535   5.8272060530
3.4572542525  2.0654276549   1.2862644344
1.1342211097  1.9199298254   6.0103730665
4.2630901449  0.1132364016   2.1346620458
0.3499011038  1.0191792073   6.0316472990
0.2139876011  2.7896680730   2.1560503360
1.8002485452  4.8177581836   0.3984974392
0.4862560064  4.2804572822   3.8482829463
5.6584625822  4.4895666709   3.4910218692
5.3193820476  2.8888884572   5.6953934430
2.4862468290  5.7759337506   1.2643360614
1.0632108688  6.2137147641   4.9492245186
2.7046116506  5.8597056259   2.1847834588
2.6151756822  2.8998367152   6.1082038801
4.5789560104  5.6857936799   5.2530723232
2.5539494471  2.4281473524   4.4724059103
5.9803826294  3.7888647413   1.3502534760
5.7301708838  3.5205881629   0.0970604993
5.9779124545  5.3145679247   1.3197434908
2.1739896736  1.7894823072   3.3707304061
1.8236581481  4.1677530386   0.6814621979
5.5713052049  3.7840997259   5.3643428972
1.3196624159  4.1246783415   5.7230464139
0.8223216019  1.9473732992   2.0968576154
3.2704977754  2.0837794956   2.9477138696
5.6891902453  1.1824786915   0.0182015198
2.5291720620  0.6326125048   1.9534942206
1.3556679295  1.8005344256   3.0487411601
0.4947347642  2.2294389026   1.6472338512
5.8625880142  3.3662900295   4.2921183144
3.7879537340  6.2255872095   5.7251487301
2.3718532763  0.1770481166   3.5845674108
4.1778874616  4.4581211355   1.6667908602
4.9774782300  5.6872692736   5.8337604274
2.0953928505  5.4401664459   0.4036616932
4.3521039993  0.7487629392   3.9351694613
1.2806116681  6.0021711083   5.9582108638
6.0237751795  2.7702613716   3.2445953071
4.4725752313  5.5025637311   6.0111460443
1.0487050473  5.4346514544   1.7091599895
2.7820510285  2.2314768761   3.3111760490
3.9772158883  3.9656100854   5.7251908809
5.8431560687  5.4321231451   1.3489067416
3.3258845696  0.1318949578   5.1948452584
3.9362548959  0.4826758974   0.8691386785
4.2777114521  2.3669665546   2.7504734139
5.8006211131  0.9374114347   5.4995632758
0.9602852370  0.2142371141   4.4253246800
2.5492189299  4.9150198687   3.1228824764
1.9633446048  2.0561414549   3.8302100689
4.3598957399  5.1363552637   0.4890102693
5.5963569594  1.0908806654   1.5169663699
3.0829766060  4.2481730036   0.1620066291
5.0631384345  5.5015600760   5.3185714467
2.0510761587  4.7573481392   0.0933857023
3.4549925654  1.4427809160   3.4583650229
2.4428040206  2.2553092748   0.7519160585
5.6349428415  2.2818273000   3.6941933137
4.2481877589  1.6803946273   3.9094666624
5.2049715343  2.1193357600   4.6936506153
0.6917086306  0.5463898715   1.9473356268
1.7544370858  2.8372329708   5.7585651643
4.8232002776  2.8567383388   4.9151220626
1.3575236299  0.1824354881   0.6348956093
0.2140186633  4.0030291255   1.7662319909
2.7429364697  0.3735905767   5.7020238042
5.8864883001  1.0630905378   0.6979812023
1.6467535203  4.3019696976   4.9625823642
3.5798165534  3.4844491902   0.6426413987
2.2591384089  0.0379242613   4.8251337684
0.1686320792  1.8100923982   4.1598169129
3.1442265162  2.3663202502   4.8575178064
5.1962879161  0.9204428748   5.8558120244
1.6272345394  0.4683085176   1.1113976454
0.2883039995  2.8949328703   0.1283137118
1.5486267615  2.3272565224   5.2379078175
4.1515025031  5.1808476846   2.9731630292
2.0697421313  3.3774361363   0.6826446488
4.1437371329  5.1366050408   0.5595451605
0.0817073225  2.8926580454   0.7233805336
4.5117534066  0.0881770563   1.0554045960
2.4574719738  0.0313104013   6.1104626688
0.2105197552  1.0444336861   1.7970138378
2.5510700115  2.2992615359   3.7637781815
4.5006936190  4.5126495131   5.3545901344
5.7889274243  1.0016882522   1.5380264640
6.1827532600  1.7515728089   4.5689338091
6.1790155789  4.0522677785   2.5182422848
5.6316572742  1.8045568902   1.9515609044
5.4393736870  2.0227514548   4.1079409207
5.0325862123  0.9765125227   2.4619103395
3.4870349655  2.4357593497   0.7498104036
2.6318513229  5.6280572668   6.1483365910
0.7987342656  5.5780037408   3.2562720601
4.1131034347  2.4731454775   3.1904045617
5.4284516414  4.2440261611   2.0421727008
1.7253528513  1.5847085217   1.2394949516
5.2789057070  5.9689488120   5.4217158533
0.4445683112  3.9249938529   1.6830661265
2.3800208005  1.3002922652   3.3846314922
1.6849582465  0.6889836971   3.4649602809
0.9608321037  3.5553379580   6.0523220565
3.9646872894  1.7236875643   1.6937929101
1.9878415970  0.4471445165   1.6695538121
6.0262774998  0.9955663150   1.9477232543
3.1332610823  0.3111451975   3.5016043080
4.6408141800  4.2781187613   2.3762333832
0.0801462314  4.9119166343   1.5441874133
3.8035462597  5.0728251386   4.2485587004
3.6219504733  1.6653808424   1.6417605964
5.0729107448  5.6291019288   6.0411963240
4.1152857008  3.8200892552   3.1263667882
5.5180717487  0.0904831377   2.6877726497
5.6697763067  2.1615963795   3.5675428127
0.9565072483  3.3531144239   3.8518342405
1.2100163719  3.9443486005   5.0704881606
4.9698465739  2.8069332434   5.5341254199
0.3814214189  5.0963270640   1.0051733508
2.4493564880  0.9099810946   0.5603151476
1.8847410482  6.1250336067   1.9674827220
4.6129884018  5.2386689961   3.8161098396
0.6547660521  2.1369186170   2.3796836883
4.9798986582  3.8719442444   5.8153567014
4.9180309926  1.9085562959   0.3582262958
3.3451533636  0.5605780489   6.2455861725
1.5918597117  3.2768432747   4.1906211592
0.4458208060  5.1854596338   3.8776675590
3.9320382956  4.7998925297   0.9291937236
0.1550782505  5.9541933759   0.1821883563
0.3898244774  2.0957393262   3.5969371301
0.8143761027  2.4487984782   0.1883797091
2.8312917182  0.9450719968   4.4706998259
4.2244106960  2.0967267128   1.3448425791
5.3791030102  3.4788666798   1.6033870304
3.1318249661  3.4575988291   6.0230174763
0.3065220790  1.0079551526   1.1428520808
1.9718668725  0.7356948349   5.0168507209
4.0314875257  2.5041662312   0.2515953926
4.9410130049  5.2237334797   1.9425055863
1.8167861303  1.1623968554   6.0764210914
3.1281969697  3.1465297137   1.6775488837
5.1423763540  0.7936572842   0.7657667417
3.7393013435  5.4326207924   3.8162672690
3.3704552212  4.8169769245   4.0548689720
2.0789372557  3.5459378426   5.4941719806
2.5867259807  2.4477365539   5.6380856044
4.9888883453  3.0796257646   0.3341244525
2.1564408484  5.5725827838   4.7721622846
2.9066438464  5.6865860651   5.3966527721
2.3111042652  3.1314701615   3.0267560837
4.2698681323  3.3252309979   0.4718451947
3.5674608708  5.7158181923   0.5700182826
4.0952347032  3.6354412609   1.2579931608
3.0857586875  4.8744015648   4.8901194935
2.5035869271  4.1556650249   2.5590129868
3.0001217664  2.9509434631   5.1964559115
0.4183823742  1.3808406800   0.9297101608
2.5825681515  3.7861829922   4.6050392977
6.0889843547  1.1577334213   0.9417976149
4.9054149103  1.2409901425   5.2680132170
4.5805544868  5.4160563897   3.4266415967
4.8107247009  0.7894775358   6.0391975061
4.7537373905  4.0563003774   0.4743507228
5.2984236660  2.7477513535   5.8674482476
4.8390382038  3.8491111592   2.2583281162
6.1491079681  4.6337386727   0.4205360783
0.6996920133  1.9055609664   6.0691391573
2.4886248175  0.2699741048   4.0806329529
3.0917082516  5.2496486406   2.6428134354
1.6216563135  2.3204317276   3.7475476140
0.2322656186  4.1553174132   2.1808209721
6.1222184125  5.6279742282   1.3673883994
4.5642690381  1.7222152236   0.2377638782
0.9296904483  6.2699810491   0.9640004196
0.9292489099  5.2423969069   2.3460297922
4.4285404237  4.9721590300   5.5091912643
2.3938529021  4.1256193204   2.7718165923
0.4801072633  3.4159983266   4.0072258594
2.5813860069  2.4295904489   2.4366612457
0.8984361485  5.1662365715   5.2602577944
5.0197631629  3.7405970708   4.8149134390
5.8449215907  4.9111972617   0.7890692310
0.0296533541  6.2057422601   0.5822071052
4.0843254303  4.9527446973   4.1489021285
4.2633451897  5.3590599832   2.3729730102
1.5935593131  3.0511953933   0.6772792928
5.2978619230  5.4899713168   3.9195198791
1.8469974511  2.0976230879   3.9056315524
0.1687687711  1.2900433684   5.7279241065
0.5862661950  3.1061370651   3.8084381648
5.0132591347  0.1960916768   3.0495161653
4.4698745286  5.1998034035   3.6237705048
4.9222899938  1.6603784501   6.1707235964
3.9202215897  4.2568538507   3.2582606433
5.1862382911  4.9879967315   2.1909575553
0.2200533921  4.2841513527   6.1755814537
2.5476743883  4.0888408793   6.2329844327
1.5687150549  1.4912620614   5.6307232258
3.0215639697  2.9996145260   4.6594867138
5.5344754636  5.8836957686   4.1766634451
1.7635947219  1.5148980379   4.6078537215
3.7645234114  1.3139012547   2.7389429836
0.1647836890  1.7119922408   2.5109630048
0.9751419796  4.8746046168   1.3690508622
5.2396165304  2.0823193317   5.5394446296
1.2245511416  3.7892301032   5.9191982716
5.2137119902  1.1561994888   5.9624592327
2.1241869870  0.5495201627   0.6688000391
4.2167496434  1.9409725866   0.3642697100
0.3290272865  1.4506517973   1.0287079543
4.6137999368  5.7125907263   3.3142163887
3.1383365676  5.8866179564   0.4382401885
5.9269283073  0.2003006638   0.0637476279
1.8206937889  3.7299943799   0.5760425863
2.3659989421  0.2753136095   3.8166267686
0.7147460169  2.6697433022   0.3523955643
6.0623357875  3.2771918283   4.1349669523
2.7175503243  5.2800083062   3.6179830994
0.5313262620  3.9271772965   0.4639212520
4.5030107056  1.6034982985   1.5178243515
3.1842390170  5.6843426803   2.2066234853
2.0614360753  4.8210918717   0.7963225866
4.7345318119  3.5353316126   4.6458414982
5.2527795139  5.6369819008   2.8002889210
1.5941468568  2.3127111373   0.1106570497
3.3578914133  2.1220265006   4.2832994446
2.7342237980  3.8883828802   5.5344374948
0.9908843711  0.5459801515   0.8785213899
3.7729346761  2.3593205736   5.0947445857
5.8901768416  1.1773499697   1.5887641803
0.6770671189  5.0926893896   0.1532195680
5.6547501274  4.5443024329   3.3346346100
3.4586735448  4.2391020537   5.8738651524
2.6851612556  5.7427146118   4.8338335501
0.9574369944  5.1582494481   2.5431337818
1.5553774058  3.4477385737   4.5101390591
2.8109010315  0.0976507160   3.0242392372
3.3475770676  0.5949319299   2.7719892590
2.2283387962  3.2343217337   5.9210277119
4.8576236292  5.9846249179   3.6365718745
5.5397659999  5.2971097206   4.9235649543
4.6124366558  5.8748552059   4.4912651570
2.5536888674  6.1161347942   0.8932564756
3.7961670173  2.3406523406   4.3537355572
4.0281818409  2.0162785052   2.4733693171
0.8008977512  4.9212917025   0.8027889853
3.1176662648  1.3334283574   4.0269210932
1.9507364929  6.0265310471   3.1259380010
3.6352905706  5.8448254961   0.4019511868
5.9288698089  2.2979461417   3.2894810739
2.6825406801  2.1671484594   1.9763121551
0.2081521348  4.3522470301   5.3714445261
5.8398052912  4.5025548722   0.0566436051
5.8118348910  5.0287064975   1.2728821145
2.2513087724  3.7301416205   5.5329999521
1.6335597957  0.6105686081   1.3700466747
4.9439849641  3.5154997734   1.9961031559
3.2143660350  0.2707422059   2.1611875924
3.5344623451  4.7603404979   5.0270345465
4.3026861173  4.1446876629   3.5882295074
0.5805449303  3.7665139979   5.1097279286
5.4825753451  1.4262500768   0.5414824302
5.9246534346  4.4843995863   1.2072354349
0.6069194882  4.5521829170   3.9552756536
5.3148365284  2.1627852902   0.4012659206
5.7139011657  0.2057795078   4.6681699056
0.0712584877  5.3005947025   3.7912576498
3.2903954698  4.8399383623   5.0167732102
4.0862398680  3.2022042603   1.0090465946
2.4199396087  4.4419812858   4.6365560007
4.0796850971  4.9710922704   4.7566195794
4.7931497755  2.0776547169   5.5374409065
3.6171416998  5.7407902275   2.6970072564
3.9704651105  3.6235441490   1.1779890505
1.7480073096  1.8089873211   1.9040034529
5.2768478722  1.6767613690   2.0153760758
2.6818831256  5.5931544554   2.7772099990
3.9686004473  2.3002816153   2.2737890452
5.2368274923  0.9425744791   3.9307610825
1.6976253352  5.9459514822   5.8988211543
2.5183052966  4.0893188861   1.8026711231
3.4824843115  6.1714361476   1.5368636664
2.7888882884  1.2178930182   5.7858959986
0.5679001875  5.2071432957   5.8195904047
4.6770857098  3.1026500325   1.9474181824
0.2049289118  3.7119710179   0.4805088473
2.7001520348  0.2820557839   4.9064009488
0.2341258069  3.5465951670   0.8214961083
6.1311181047  3.9806762570   2.8995757819
3.2819584354  3.1296531113   2.7656644706
5.7153737165  0.3746263096   3.8013387232
2.4080177084  3.2368657498   0.7980935126
5.5571772998  0.3342336593   3.7639053323
1.6023228960  5.3006956879   0.8301701062
5.7117286104  3.7364392838   0.7246811510
5.6206890428  4.3417993631   2.7713455634
2.5039571706  4.0666457435   1.7033678752
3.9271164922  3.9171880152   5.9319987838
3.5663189290  5.9932685798   3.2461638394
5.6203839357  1.1117718916   2.7978520402
1.3456434322  2.9839173521   1.9389164210
0.0242478103  5.2929779819   2.9505683549
5.5328564977  3.1225134807   4.8973858466
1.4773128027  4.7903301809   1.0606825401
1.5385297974  1.1302021453   0.1410635548
4.0270004983  4.3455895481   4.4530765165
1.9133837460  5.7455008088   3.8022678437
5.1875285546  1.0220067410   2.5992284977
5.5523799247  2.6898072496   5.7476708986
5.9399534794  0.2629630310   2.9982152505
2.4554395284  1.4184055634   5.7567910210
5.0348424569  4.1855461922   3.1221573320
0.9871719026  5.4748213645   5.8279882480
3.9280300356  2.1659920643   4.4211695415
4.3918544984  0.1712266282   4.3645670561
0.5395304189  5.6880587550   0.0288624673
3.3374996872  2.9597713859   3.3942979819
5.5830281164  5.7206141455   2.5947695068
1.6566623887  2.0607577021   3.9466566715
1.4752009629  4.3423316282   3.4151355357
5.2757219563  0.1096288966   1.3571555109
3.1135698339  3.2191701996   3.4689770039
0.9573461148  2.0848468237   5.4208107366
1.4499590859  2.1118567914   0.0310346782
4.1340466360  5.9900470979   0.7859269438
3.5371089977  4.7155645657   4.8699129061
1.8336140366  2.0981078119   0.1280912366
3.9100575365  3.9762054287   0.8961881809
4.4981663427  2.6109506929   2.0131998970
1.7638851086  3.6222550589   5.6847121452
2.5903886523  6.0287196239   3.8588533679
2.2758056167  3.8694885447   0.0998896313
4.9096308718  0.9461088259   1.9565487925
0.8512908784  5.2670101300   1.2112222473
5.6678699199  4.5626318943   1.7308164106
1.8198371992  0.6839008469   0.1678254349
3.1388150214  1.0138016284   5.2190660557
4.9234436138  1.8661706872   4.8021017043
4.2541064044  2.6614469564   4.5311642193
0.9412948609  3.3201257091   5.1692857060
4.3769892790  1.7284877697   4.8037708891
0.8106128570  5.2022014829   0.7575447760
5.9435558145  4.9812134076   2.4148266465
5.5694899073  1.7200093680   0.1754466867
3.2358694171  3.8685220096   0.0081963075
4.2688510500  0.6380620157   0.0439695781
6.1373736741  4.2095030439   1.0542194686
0.7882906695  2.1827571994   0.9452155587
4.7264824870  4.2065649382   3.2389443327
5.1965204058  1.8554387028   2.6319164350
4.9098715486  4.2752550051   3.7310346890
1.1993511672  2.4741491471   1.7403223999
2.6932329733  2.4618671726   3.7248422997
0.0908344211  1.3003887713   3.6765446851
2.0438290034  4.5522953468   0.7639745733
0.8463578071  5.1478473997   0.4938182664
2.8306846984  5.8211929795   0.2014781757
3.5957094330  3.2303111787   1.0566332493
4.9764290483  1.2135550702   3.2934646914
2.6372829007  3.7881381238   5.2864751154
3.3460257909  1.2452028452   1.9252434437
5.8163722348  2.5785725985   1.2010971297
5.6490977929  5.3600271387   0.4091573042
3.4232892041  2.6960004020   5.9439562669
5.6619287637  5.8160843850   1.5379114967
0.3256368159  2.3441164381   3.9295303714
5.0805994647  4.3872113275   1.2985679141
2.1042675325  3.6984425978   1.5189167190
1.4368584023  0.6337606712   4.6709991061
5.1673029544  2.5911542061   0.9802008790
2.1880223902  5.8101131455   5.1721439717
1.0396824136  0.3490339192   0.5905278059
0.1767684211  2.4130418983   6.1562506474
6.0027652721  1.5119864433   4.1043069997
4.2743926044  1.4313636920   1.7851428032
5.4070712352  2.2438535693   5.4489843786
5.9004985777  5.8063076339   0.1893742349
4.2737847235  3.1572902265   4.7811168350
5.7643434167  5.0468909365   5.6308459720
1.6128413351  2.2008241016   3.8885041044
5.5645028500  2.8819872130   4.5285775387
5.7807993408  5.9759165763   2.9144555412
1.8853541977  0.8355591955   4.7682240268
0.4611289179  0.4417534236   0.0448743521
4.8217084562  4.4364405404   1.2157074724
0.5337705145  5.8540611908   0.5746084452
4.5789597573  0.6842446226   1.0551515782
2.8141736278  4.0947320209   5.9203194991
4.0919160320  0.9177354942   5.3371400552
1.0650116630  4.3602976765   0.8625749864
3.3391940648  3.9308463218   4.1514602370
3.9822882399  0.2747222174   0.2418378499
0.0885678064  5.0135032640   0.9309359576
2.9554302624  6.1965445743   1.1609070928
5.5689503194  2.7441486301   4.0549286545
0.7164617917  2.1661209363   5.3818830039
2.7805680619  0.3066578862   5.3619176858
4.1440616003  1.4149916113   3.1041327551
1.8521131957  3.6506118342   4.9063977033
5.9713407768  3.7785526895   1.7257008142
4.3623291497  1.5866199288   6.0782261811
1.2994037320  4.1113499014   6.2236793596
3.4856744954  0.3775917635   0.5306090208
5.5246696548  5.9093740466   2.0721531513
3.5051232458  0.5813867667   1.6857708638
4.7270543128  2.0984452301   1.3566830723
5.6228275091  4.0906655510   4.8193398394
5.2894629391  3.1661647862   2.2937046967
0.8221967857  3.3359010428   0.9677190871
1.1884892180  2.3821046549   1.0368637863
0.9653475281  4.8311877589   5.6131713704
0.1815970343  1.7750706343   5.9425726202
0.0570821007  4.0795009329   3.2513434823
3.7476168216  5.7942518433   0.1154434563
3.8267697663  2.0776727332   2.6345761901
5.7737662064  5.1109887878   0.7670836156
4.6091841643  4.9488604004   5.9806364557
1.8921621047  0.7811411762   1.6975931920
3.1137862853  0.9888951276   5.6149888487
1.6220861161  2.6075110425   5.6246553224
4.6046597714  4.3186393405   4.8728117756
0.7336294354  4.1324755127   5.7102903009
4.6875173888  4.2724246169   0.1048059034
5.0880550196  0.0589782311   6.0273888101
4.6824413162  0.8080777828   0.4728262419
2.1183339177  4.7997653512   1.7915463830
3.6714221317  5.2899110868   3.0669304210
2.9465129756  4.6932164268   6.0982820638
0.5483023824  5.9346159621   3.5695610630
5.2069851559  5.7787349113   1.7214064175
4.3099177136  1.4016171031   0.8110546748
1.6796528584  3.2029617063   0.9751004762
6.0914448886  4.9495176129   1.6889945426
1.1546873700  3.2826621918   2.7262077529
1.8845844001  3.8791879974   2.4875348105
2.5835508637  3.5075297708   2.6719025063
1.4859053858  4.5929583549   3.8603216290
1.2255687376  0.3983672446   2.8073611117
4.4320287259  3.0962690649   0.0755448580
1.1344181347  1.4446553388   0.2153303831
3.2819145153  2.1198906878   2.5055486141
1.8609024485  3.4660444496   6.1540663597
2.9077443609  4.6727148877   3.4103176485
5.8134067262  2.5905921451   5.7326968811
1.3564714869  3.1894600493   2.0367511946
0.0063389706  0.8103573165   1.8253691447
5.6963750261  1.3498522408   5.5227555583
4.2728295610  1.8399029001   4.8955073401
3.2355376173  2.8272187016   2.4781643584
3.2802555232  1.5097370642   5.5438175518
0.6466565048  1.6541332643   2.6745539048
6.2635848364  5.6019785150   2.9303392869
2.2554676116  3.6828251600   2.6699213689
3.9285151101  5.8978665661   2.8601690478
2.4715947465  3.8835104035   4.3694813612
0.0481445650  1.5753141856   0.6005357186
3.4261262857  0.6442618168   4.6084670855
3.1988348245  3.4329056363   0.8169241643
1.5505576863  2.7812244233   3.1197819208
0.2852269228  4.3448611923   1.6314823753
5.2887439649  4.7716988449   3.7175513611
0.3031631734  2.5096373318   1.4301671901
1.9875003022  3.5651635317   6.0011815701
4.9223694547  1.2917218965   0.3959003732
6.1097697679  5.9283651019   1.1513758629
3.6848624953  3.2220591751   3.9222280824
4.8885936821  1.7357085913   1.8309564884
4.5722578863  1.4397262696   0.8619739941
4.0902706789  5.9874258128   1.1871039590
4.1758993295  4.3317588271   6.0106022002
5.8985274493  4.4476956615   1.8636750218
3.3620147469  4.1275620931   1.4903896210
2.5034730978  4.8943968270   4.1478920783
4.2126097275  3.6471977847   0.0269923624
2.7679597204  3.1618881816   0.4911469693
0.8348716175  5.5212316505   1.9451759303
2.7595985359  2.4689730808   1.4072494557
3.4409408318  1.5245238560   4.3686321330
2.4827150710  1.7695122921   4.3996867565
2.5024167443  5.6848439227   5.3521132868
4.7208628053  4.4150386253   3.5126750395
3.2820240195  5.3599072116   3.5835040585
3.0814816312  2.3793398272   3.3358707949
0.5571861786  3.9773922090   5.3965420617
1.5761472953  0.1982774895   2.8044736119
2.8120962760  5.7807412131   2.4088553514
4.0084265288  2.9515067255   3.7407492424
4.4575762318  3.2666480603   1.9166226806
6.2368142013  4.8148810066   0.6352789202
5.8571531112  2.1125111992   2.3369639687
0.5794950166  3.9331805098   1.3958429905
5.9912683471  2.0539858924   4.0415120963
1.0228752916  1.9547419819   4.8798749922
6.0975491456  4.0594302967   2.7019836394
3.7511035075  2.7249648916   3.9022446650
1.5093915053  0.6464552471   1.7534778003
0.4416775258  1.4837802839   3.0036627837
1.8852145543  6.1058913850   1.9775797341
5.1116528842  4.3913019775   5.1972617894
0.4819823545  4.1434481585   4.6694199461
2.2272201451  2.0489300251   0.9067339512
0.8294487865  0.1245447789   0.4289222359
0.9938719292  3.5843850081   3.3435124797
0.3904814416  0.2282989221   4.6744089059
4.4098126345  1.6634277248   5.2510691961
0.5433805284  1.1979422724   4.5280590756
3.8753885213  2.8230327987   5.5770973563
1.0918390585  4.8296029267   1.0232379527
4.0928735990  3.9454394893   1.2644272373
3.1334019308  1.9773202560   5.5415277415
1.7876333781  1.8349611321   2.9025735958
5.2185607472  0.4915837798   1.1752687663
5.1419067896  1.0803549668   4.5545695427
5.8946922133  4.5319380674   5.5515249533
0.0020489237  0.5620220459   5.0140525669
4.0236841671  5.7667841473   5.2965513169
0.0462171808  2.6997399048   3.3806444948
0.6686635339  0.5009135732   1.3168869899
0.6710090883  3.5948874893   3.3328870990
2.3066141505  5.2261795841   5.2986252110
1.5054995838  2.1825762876   1.3530230524
2.1748630295  4.9001871332   4.5033214998
1.5684076822  4.4506266431   5.4203048983
2.4319968116  3.7130003465   2.9610411055
2.6454621029  2.3687212531   2.8934321463
4.0217242186  2.4744756092   5.9220794281
4.9483412683  2.6911438471   3.9479929214
1.6964249955  2.6579482910   5.0666765655
5.3028975684  1.3755418406   2.5229515202
4.6525000470  3.1212643631   2.0193802292
5.1905516276  0.2505087979   2.3801087149
1.1447476518  3.5488467260   4.5174185232
0.4111476620  0.3087743204   1.2130571706
3.8349437991  5.4807046918   3.0786777432
4.4079863034  5.4036949341   0.7588253067
0.7013147728  2.1253373368   0.8791425940
0.6020782679  6.1200138966   5.9514040843
3.7563003744  5.9990283023   3.9643342228
5.1034080034  6.2116889261   2.7561549158
5.1181456147  0.9909693766   4.4469974278
0.5619490253  0.0183365357   3.3278663366
4.5947596168  1.5593606805   4.0993192667
5.6790983595  2.1758049986   4.8894759911
2.8414561209  1.4661103719   3.8831208460
0.4441437695  4.7494043820   3.1547079355
1.5159953589  1.4195454923   3.0496851652
4.5984437907  2.8176520108   0.6920906346
0.2544163246  1.6301382889   5.7588525958
2.6673551861  2.1726910088   2.7182227953
3.3942714976  5.6734332616   2.6829091788
5.9930770566  0.0798019089   0.1840102024
1.3125934887  0.8307803804   3.2071034115
0.7309361178  2.4382695677   6.0551237070
4.0603204358  5.2817775812   1.7300768293
0.6811669665  1.3399917010   4.6709918380
6.1794934239  5.8762510262   0.7338920572
1.5603916135  6.0934354923   4.8338462066
3.8098453517  2.3578190446   4.8111574830
5.1314477384  6.1880757404   3.3977346052
5.2153844328  0.7670870424   1.0638579309
3.0727247483  4.7812367955   5.8441192939
4.7797966016  3.6402368150   1.3082126733
5.7497927339  3.9028416611   0.1241598038
5.6609926073  3.0781591255   3.7800345774
1.3460939755  1.3851304244   3.8162249618
3.4372863032  0.9056221676   2.9459022135
4.9304750814  3.9909266590   3.7467487472
1.2217094265  5.0417264958   4.5456251291
4.6928429459  4.2074926859   2.5642348373
2.9880204485  2.9631687739   3.7549185723
3.6647217479  5.9343310117   2.6748124721
1.6370718797  3.7163838967   0.7655534141
0.5329552321  1.4246981901   2.1988216088
1.8732239501  4.2967166079   3.4353039631
5.7624937125  2.0146584802   0.7985873831
2.9563529954  4.7055939907   0.5120581290
1.6931145712  6.2715187350   1.8187130515
4.7938848906  1.6947846322   4.2525617705
4.8517004259  5.8551096037   2.8716809381
0.1338294853  4.3755288994   3.1366608882
5.5291163152  0.5985317295   0.3674296451
5.0150511736  1.5448604200   0.4624809593
2.0367902640  5.8726265951   2.1229424160
4.2037300485  3.0145731500   2.1115973327
1.8616692488  5.5450853520   6.1886840979
5.8430610172  4.8964694507   4.7228437069
1.7716096619  0.1148810361   4.0622742068
0		0		0