1000 8
83	1109	1098	1123	1092	1115	0	0
192	743	762	763	765	766	0	0
148	1845	1837	617	1844	0	0	0
602	623	620	624	621	613	0	0
1425	1497	1499	1491	1494	1431	0	0
481	1938	1922	1939	1657	1934	0	0
2000	2001	1451	1453	2000	0	0	0
736	1220	1228	1213	1229	0	0	0
12	553	541	544	537	131	559	0
470	1876	1878	1877	1882	472	0	0
404	412	1643	1614	418	1644	0	0
965	1003	1030	1015	1007	1001	0	0
2001	2002	344	1448	1451	2001	0	0
2003	2004	1635	483	1947	2003	0	0
68	1540	1544	357	355	1537	0	0
1388	1395	1414	1418	1394	0	0	0
2005	2006	1008	249	1009	1010	2005	0
1732	1753	1736	1741	1739	1737	0	0
118	566	560	558	551	0	0	0
475	1919	1917	1924	1926	1911	0	0
346	1401	349	1399	1402	1407	0	0
22	661	667	32	548	668	0	0
9	78	1155	73	1117	1056	0	0
2007	2008	1101	1102	1107	2007	0	0
423	434	1778	1781	439	1779	0	0
98	1871	1794	1873	1797	1798	0	0
732	741	742	738	740	1211	0	0
152	695	654	659	651	630	0	0
194	547	786	792	785	203	0	0
2006	2009	268	1008	2006	0	0	0
178	1722	1723	428	1738	0	0	0
2010	2011	1073	67	2010	0	0	0
1290	1416	1411	1412	1410	1333	0	0
795	814	818	822	803	801	0	0
261	1050	1048	1167	1047	0	0	0
88	1287	1563	1557	1555	315	0	0
2012	2013	980	975	2012	0	0	0
14	1307	1144	301	1313	1224	0	0
310	1267	314	1562	1556	1293	0	0
2014	2015	494	136	495	2014	0	0
180	1718	1737	1739	1734	1735	0	0
265	1002	1021	1018	1043	1026	0	0
191	780	755	760	757	761	0	0
851	881	882	874	860	879	0	0
312	1270	1284	1246	1283	1277	0	0
89	1426	1421	1420	1437	1423	0	0
490	1956	1953	1964	1970	1955	0	0
108	1783	1668	444	443	1782	0	0
2016	2017	829	833	831	2016	0	0
2018	2019	607	459	609	2018	0	0
290	1183	1149	1180	1177	1181	0	0
295	1200	1193	1201	1203	1205	0	0
60	1114	1115	1092	1125	1124	0	0
81	1098	1109	1104	1097	1093	0	0
65	337	1378	340	1373	1374	1377	0
2020	2021	949	943	952	2020	0	0
212	774	883	771	881	851	0	0
2011	2022	1013	1075	1073	2011	0	0
294	737	742	741	739	745	0	0
23	407	1936	1938	481	1941	0	0
284	1145	302	1313	301	1315	0	0
126	563	504	503	505	497	0	0
40	792	786	190	793	791	0	0
66	272	1080	1086	1088	1090	0	0
1511	1513	1523	1516	1512	1527	0	0
2023	2024	858	841	2023	0	0	0
150	1858	460	1859	1838	1857	0	0
467	1792	1795	1912	1913	1909	0	0
258	1166	923	1047	1167	260	0	0
258	260	1041	1037	913	921	912	0
4	819	821	824	830	6	0	0
193	225	226	214	888	216	0	0
238	966	964	967	252	0	0	0
148	1847	461	1840	1828	1845	0	0
500	503	504	501	515	502	0	0
591	596	622	619	593	0	0	0
72	185	719	221	753	751	754	0
2025	2026	1877	1878	1862	1864	2025	0
399	418	1614	1647	1626	1618	0	0
228	947	953	943	949	946	0	0
469	1923	1920	1939	1922	0	0	0
398	1609	1612	1617	1615	1610	0	0
280	1303	330	1300	1322	0	0	0
186	720	721	718	726	724	0	0
2027	2028	1515	1509	1486	2027	0	0
189	841	858	855	210	849	857	0
385	1486	1509	1522	387	1593	0	0
149	1826	1842	1837	1845	1828	0	0
168	688	692	681	670	713	0	0
208	807	815	817	211	848	0	0
31	513	528	125	530	498	0	0
88	352	1545	1542	1293	1556	1287	0
1068	1084	1069	1085	1079	1087	0	0
20	1244	1269	1279	1309	306	0	0
374	1467	380	1495	1481	1496	0	0
92	1272	1295	1268	1288	1289	0	0
353	1498	1503	1482	1485	372	0	0
1174	1181	1177	1175	1179	0	0	0
925	932	961	959	933	945	0	0
317	1280	1297	1273	1294	1278	0	0
308	1261	1259	1274	1258	1276	0	0
1260	1697	1673	1690	1264	0	0	0
59	963	244	239	986	990	992	0
356	1551	1533	1519	1547	1541	1549	0
2029	2010	67	1069	1084	1083	2029	0
2030	2027	1486	385	369	397	2030	0
449	1663	1666	1649	1667	0	0	0
253	1072	1066	1057	1060	0	0	0
335	338	1400	1404	350	348	0	0
133	655	165	652	650	672	0	0
33	205	802	199	798	806	0	0
2031	2032	1958	1948	1953	1956	2031	0
387	1522	1523	1513	1526	1585	0	0
439	1781	1787	1782	443	1780	0	0
168	715	698	687	171	688	0	0
369	386	395	1601	1600	397	0	0
969	1029	1036	1035	1031	1032	0	0
106	1765	1744	435	1764	454	0	0
1576	1688	1606	1607	1577	1583	0	0
384	1596	394	1599	396	1601	395	0
284	1315	1146	1318	1147	1152	0	0
215	896	289	898	1172	914	0	0
221	719	747	737	294	748	297	0
535	540	550	537	544	543	0	0
2033	2034	974	987	988	2033	0	0
352	1546	357	1544	1545	0	0	0
734	1212	1207	1210	1227	0	0	0
38	1821	641	1819	1820	0	0	0
400	401	1582	1579	1583	1577	0	0
262	1054	1162	1171	1164	1154	0	0
2035	2036	1379	85	79	2035	0	0
277	1130	1132	1128	1134	0	0	0
135	564	565	536	533	567	0	0
174	1758	1749	1759	712	0	0	0
134	651	659	653	660	645	0	0
2037	2025	1864	1861	458	2037	0	0
422	1717	1711	1710	1704	1702	0	0
1137	1326	1328	1331	1345	1342	0	0
275	1364	1356	336	1357	1350	0	0
12	559	127	142	552	554	0	0
8	170	708	716	725	717	0	0
154	614	616	615	613	621	0	0
94	1558	1271	1572	1578	1580	0	0
1678	1682	1689	1687	1695	1691	0	0
1657	1939	1920	1930	1932	1935	0	0
117	1833	1804	457	1815	1829	0	0
127	558	560	556	585	587	142	0
156	1760	1767	1764	435	455	0	0
739	1197	1203	1201	746	745	0	0
7	70	224	214	226	0	0	0
457	1804	1805	1803	1801	463	0	0
450	1885	1912	1795	1798	1797	0	0
267	1055	1066	1072	1076	1061	0	0
300	736	1229	735	1232	1231	1235	0
2038	2039	577	140	2038	0	0	0
366	1464	1466	1463	1492	1493	0	0
11	1310	1294	1273	325	323	0	0
2040	2041	365	1470	2040	0	0	0
18	1283	1246	1288	1268	1282	0	0
2042	2043	1359	1360	1363	2042	0	0
1138	1150	1158	1157	1159	1153	0	0
328	1331	1328	1300	330	1302	1330	0
19	1400	338	332	1367	1338	0	0
160	658	594	625	657	656	0	0
169	676	693	691	684	649	0	0
73	1130	277	1133	1131	1129	1117	0
117	1829	453	1831	1832	1834	0	0
175	705	706	637	1755	0	0	0
115	452	1812	1814	1807	1762	0	0
679	682	690	686	750	0	0	0
231	907	902	233	905	900	0	0
258	912	288	922	917	1166	0	0
2019	2044	1855	1854	607	2019	0	0
278	1176	917	922	1173	291	0	0
1427	1444	1442	1435	1429	1432	0	0
41	764	1199	1192	227	891	0	0
1614	1643	1645	1646	1639	1647	0	0
162	593	619	624	620	600	0	0
152	630	648	647	640	173	159	0
308	1275	1269	1244	1257	1261	0	0
283	1228	1220	1226	734	1227	0	0
147	609	459	610	612	0	0	0
370	1521	1526	1513	1511	0	0	0
917	1176	1170	1168	923	1166	0	0
243	1113	1105	1119	1112	1094	0	0
298	1208	1207	1212	1215	1217	0	0
1051	1169	1160	1162	1054	1053	0	0
215	914	916	910	899	894	0	0
33	806	130	812	808	805	0	0
283	1227	1210	1185	732	1211	0	0
307	437	1672	1693	1698	1703	0	0
371	1590	1597	1581	1591	1589	0	0
722	733	729	740	738	730	0	0
388	1573	1554	1568	1572	1271	0	0
145	154	621	624	619	622	599	0
77	1570	388	1271	1558	1564	0	0
1068	1087	1089	1088	1086	0	0	0
232	870	863	871	942	0	0	0
1896	1904	1903	1899	1898	0	0	0
1894	1903	1904	1908	1907	1897	0	0
280	1322	1327	1141	1323	1319	0	0
1800	1867	1835	1868	1869	1802	0	0
104	112	1768	1806	1808	1784	0	0
2045	2012	975	982	985	984	2045	0
1465	1472	1469	1480	1471	0	0	0
97	1677	419	1613	420	417	0	0
58	909	936	938	223	940	939	0
2046	2047	1475	1483	1479	2046	0	0
390	1582	401	393	1587	391	0	0
253	1060	1126	1091	1120	1059	0	0
1794	1871	1796	1802	1869	1870	0	0
90	1459	1436	1444	1427	367	354	0
293	1186	1195	1184	1202	0	0	0
82	1373	340	1368	1370	1375	0	0
7	226	225	891	227	289	896	0
353	372	1495	380	1464	366	0	0
414	1919	475	1923	469	1637	1921	0
387	1585	1520	1592	1589	1591	1593	0
180	1726	1707	305	1718	0	0	0
116	1784	1808	456	1811	0	0	0
309	1252	1721	1714	1706	1715	0	0
2048	2049	232	942	2048	0	0	0
102	416	1681	1676	445	1642	0	0
555	657	625	645	660	666	0	0
360	1462	367	1427	1432	0	0	0
361	1389	1387	1393	1391	1398	0	0
1052	1180	1149	1182	1164	1171	0	0
207	811	810	816	211	817	0	0
2015	2050	569	137	494	2015	0	0
13	1247	1311	1305	287	1239	0	0
158	161	664	589	590	561	586	0
73	1155	1138	1153	1132	1130	0	0
46	839	835	807	208	844	0	0
5	545	35	543	544	541	0	0
333	339	1332	1405	1402	1399	0	0
2044	2051	150	1857	1856	1855	2044	0
50	663	664	161	665	0	0	0
42	646	134	645	625	594	628	0
312	1277	1276	1258	1266	1265	0	0
285	1152	1147	1157	1158	1156	0	0
60	1116	1346	1348	1110	1114	0	0
329	1410	1412	346	1407	1408	0	0
930	952	943	953	957	931	0	0
501	504	563	533	536	531	0	0
130	806	798	794	799	678	0	0
3	523	37	521	511	512	0	0
29	1675	1648	1650	445	1676	1680	0
309	1715	430	313	1253	1250	0	0
206	830	824	803	822	0	0	0
427	1685	1566	1694	1691	1695	0	0
38	1761	1754	1757	175	1755	1821	0
204	804	527	802	205	823	0	0
1736	1752	1742	1747	1743	1741	0	0
299	1174	1179	1194	1191	1184	1195	0
181	1694	1566	1692	1698	1693	0	0
41	892	890	893	219	217	764	0
185	721	720	747	719	0	0	0
2052	2053	1884	472	1882	2052	0	0
179	722	730	186	724	184	0	0
304	1713	1725	1727	1728	1729	1719	0
354	367	1462	1492	1463	1460	0	0
478	1940	482	1941	481	1934	0	0
80	1418	1414	1396	1411	1416	1413	0
431	1709	1740	1733	1772	1701	0	0
344	1445	1392	358	1440	1448	0	0
477	1933	1928	1932	1930	1931	0	0
74	1194	1179	1175	278	291	0	0
371	1589	1592	1550	379	1586	0	0
139	575	578	556	560	566	571	0
409	480	1942	1949	488	1943	0	0
20	306	1308	1245	1240	1237	0	0
63	993	978	977	979	971	0	0
476	1638	1652	1658	479	1641	0	0
962	1029	969	1030	1003	1024	0	0
130	678	190	786	547	812	0	0
370	1511	1527	1514	1528	1529	1508	0
48	123	526	525	522	538	0	0
129	132	522	525	516	0	0	0
91	1568	1554	1567	1684	100	0	0
2054	2055	27	485	2054	0	0	0
116	1811	1809	1771	447	1810	0	0
206	822	818	209	834	813	0	0
212	851	879	852	859	772	0	0
74	291	1173	916	914	1172	0	0
317	1281	1282	1268	1295	1280	0	0
201	836	835	839	825	0	0	0
477	1929	1927	1962	1933	0	0	0
5	548	32	546	539	545	0	0
327	1428	1437	1420	1438	1433	0	0
117	1834	1841	1867	1800	1833	0	0
207	814	795	805	808	811	0	0
286	1326	1137	1324	1134	1128	1136	0
254	1022	918	1039	1033	0	0	0
2008	2056	1096	271	1101	2008	0	0
222	920	911	921	913	908	0	0
34	714	707	702	716	708	0	0
389	1274	1259	1255	1256	0	0	0
101	1612	1609	402	420	1613	0	0
862	872	875	873	868	863	870	0
384	395	386	1581	1597	0	0	0
2057	2058	2059	1476	1477	2057	0	0
414	1656	1916	1915	1917	1919	0	0
370	1508	1553	1552	377	1521	0	0
75	731	733	722	179	0	0	0
1616	1618	1626	1625	1627	0	0	0
2060	2061	241	507	493	2060	0	0
119	1865	458	1861	1866	1868	1835	0
2024	2062	842	855	858	2024	0	0
32	667	669	197	673	546	0	0
97	1689	1682	1679	1683	1651	1677	0
197	675	789	800	797	673	0	0
223	941	907	231	940	0	0	0
10	441	1672	437	1705	0	0	0
173	640	642	637	706	701	0	0
329	1299	1291	1333	1410	0	0	0
358	1443	1456	1458	1449	1440	0	0
69	1081	270	273	271	1096	0	0
248	1001	1007	1011	1009	249	0	0
2063	2064	866	230	876	2063	0	0
1233	1251	1237	1240	1242	1234	1243	0
451	1636	1665	1921	1637	1937	0	0
369	385	1593	1591	1581	386	0	0
337	1363	1360	1358	1369	1378	0	0
321	1532	1502	1525	359	1422	0	0
251	1127	1126	1060	1057	1063	0	0
41	891	225	193	892	0	0	0
964	966	997	1028	994	968	0	0
211	816	809	847	846	848	0	0
57	1046	1026	1043	1044	1040	1042	0
1760	1762	1807	1766	1770	1767	0	0
359	1525	1535	1500	1499	1497	0	0
52	970	972	954	973	0	0	0
56	887	773	888	214	224	886	0
25	406	1624	1631	1633	0	0	0
261	1047	923	1168	1160	1169	0	0
290	1181	1174	299	1187	1178	0	0
1262	1567	1554	1573	1565	1569	0	0
8	723	72	754	687	698	170	0
2065	2029	1083	1081	69	2065	0	0
595	601	599	622	596	597	0	0
384	1597	1590	1587	393	1596	0	0
37	523	524	200	827	518	0	0
156	455	1751	1754	1761	0	0	0
251	1063	1065	1049	1051	1053	0	0
104	1788	438	440	1786	1769	112	0
281	326	347	1299	329	1408	0	0
44	643	653	659	654	696	0	0
340	1378	1369	1361	1371	1368	0	0
450	1906	464	1901	1905	1885	0	0
10	444	1668	424	1674	441	0	0
314	1267	1289	1288	1246	1284	1285	0
195	774	212	772	853	845	854	0
84	1070	1020	1071	1079	1085	0	0
2043	2066	1352	334	1359	2043	0	0
405	442	438	1788	1789	1785	0	0
1185	1210	1207	1208	1188	1206	0	0
293	1202	296	295	1205	1204	0	0
113	635	1822	1827	1842	1826	0	0
186	730	738	742	737	747	720	0
21	247	1004	240	1005	245	0	0
461	1847	1853	1838	1859	1839	1836	0
172	709	702	707	697	704	0	0
2067	2068	1947	1945	471	1946	2067	0
283	1211	740	729	1213	1228	0	0
1655	1793	1916	1656	1918	1661	0	0
136	494	137	497	505	496	0	0
152	159	699	700	695	0	0	0
2041	2069	1452	1446	365	2041	0	0
426	1686	1576	1583	1579	1574	0	0
301	1144	1320	1321	1146	1315	0	0
1863	1895	1892	1899	1903	1894	0	0
287	1306	322	1314	1316	1239	0	0
86	1372	341	1385	1383	1384	0	0
108	1667	1649	1671	1669	1783	0	0
2070	2067	1946	1944	1951	2070	0	0
1381	1384	1383	1392	1445	1386	0	0
2071	2072	511	521	2071	0	0	0
17	1336	1335	1325	1337	1329	1339	0
469	1922	1938	1936	1937	1637	0	0
1649	1666	1654	1662	1670	1671	0	0
355	357	1546	1541	1547	1530	0	0
2073	2074	65	1377	1379	2073	0	0
239	244	1004	247	988	987	0	0
343	1397	1433	1438	1435	1442	1457	0
91	426	1574	1578	1572	1568	0	0
637	642	639	641	1821	1755	0	0
2075	2076	856	954	972	2075	0	0
2032	2070	1951	1958	2032	0	0	0
404	1644	419	1677	1651	0	0	0
311	1559	382	383	1555	1557	0	0
15	331	323	325	326	281	1406	0
122	163	618	1843	1824	0	0	0
873	875	880	901	902	907	941	0
236	956	933	959	252	967	0	0
2074	2042	1363	337	65	2074	0	0
457	463	1816	1817	1815	0	0	0
187	1235	1231	1249	1243	1234	0	0
77	1561	1543	1286	1571	1570	0	0
182	746	1201	1193	1196	743	192	0
92	1289	1267	310	1292	319	0	0
471	488	1949	1944	1946	0	0	0
25	1632	485	27	408	406	0	0
634	647	648	644	638	0	0	0
77	1564	311	1557	1563	1561	0	0
313	430	1255	1259	1261	1257	0	0
447	1771	465	1799	1790	1660	0	0
2053	2077	468	1902	1884	2053	0	0
529	550	540	534	565	564	0	0
40	782	788	783	785	792	0	0
376	1505	1501	1524	1529	1528	0	0
8	717	728	726	718	723	0	0
254	960	935	934	924	928	1022	0
98	446	1803	1805	1796	1871	0	0
2078	2079	518	827	819	4	2078	0
428	1720	1728	1727	1735	1734	1738	0
2080	2018	609	147	604	2080	0	0
13	1239	1316	1317	1312	0	0	0
105	1785	1789	1810	447	1660	0	0
146	592	160	656	158	586	0	0
34	715	168	713	685	167	714	0
1388	1434	1391	1393	1390	1395	0	0
239	987	974	985	982	986	0	0
142	587	590	589	552	0	0	0
109	1812	452	111	1823	1830	0	0
425	1703	1698	1692	1699	1690	1673	0
1325	1335	1344	1342	1345	0	0	0
107	181	1693	1672	441	1674	0	0
131	537	550	529	557	0	0	0
58	939	906	919	929	0	0	0
2050	2081	572	562	569	2050	0	0
434	436	1774	1769	1786	1778	0	0
157	634	638	629	627	631	633	0
1110	1348	1341	1347	1112	1119	0	0
466	1905	1901	1907	1908	1910	0	0
2081	2038	140	575	139	572	2081	0
2009	2082	21	245	268	2009	0	0
35	542	538	522	132	535	543	0
2083	2084	1971	1893	2083	0	0	0
1121	1129	1131	1124	1125	1122	0	0
756	775	758	893	890	768	0	0
1676	1681	1683	1679	1680	0	0	0
556	578	580	588	585	0	0	0
39	534	540	535	132	129	0	0
122	631	627	632	153	163	0	0
180	1735	1727	1725	1724	1726	0	0
194	810	811	808	812	547	0	0
732	1185	1206	1197	739	741	0	0
284	1152	285	1148	303	1145	0	0
53	944	871	863	868	213	0	0
178	1738	1734	1739	1741	1743	0	0
80	1419	1539	1428	327	1394	1418	0
82	1375	1389	361	341	1372	0	0
190	678	799	674	549	793	0	0
71	1025	1064	264	1055	267	0	0
2085	2086	1465	1471	1476	2085	0	0
95	1415	1417	351	318	320	0	0
60	1124	1131	1133	1118	1116	0	0
467	1914	1791	1790	1799	1792	0	0
431	1701	1777	1776	1710	1711	0	0
312	1265	1569	1565	1560	1270	0	0
2087	2088	1967	1889	2087	0	0	0
429	1777	1701	1772	1773	1746	0	0
219	893	758	770	763	762	0	0
24	196	542	35	545	539	0	0
358	1392	1383	1385	1439	1443	0	0
300	1221	1143	1226	1220	736	0	0
245	1005	248	249	1008	268	0	0
124	493	507	509	500	502	510	0
322	1319	1323	1321	1320	1314	0	0
259	1225	1218	1219	1217	1215	1223	0
40	791	677	755	780	782	0	0
2076	2020	952	930	856	2076	0	0
43	709	172	703	711	1748	0	0
264	1065	1063	1057	1066	1055	0	0
75	1707	1726	1724	1230	731	0	0
2086	2040	1470	368	1472	1465	2086	0
2004	2054	485	1632	1635	2004	0	0
466	1913	1912	1885	1905	0	0	0
2089	2023	841	189	837	55	2089	0
965	1000	995	998	1024	1003	0	0
108	1782	1787	440	438	442	449	1667
2069	2000	1453	87	1430	1452	2069	0
375	1500	1535	1534	1524	1501	0	0
52	973	236	967	964	968	971	979
1052	1171	1162	1160	1168	1170	0	0
29	413	107	1674	424	1675	0	0
318	351	1290	1333	1291	324	0	0
364	1468	368	1470	365	1446	1461	0
99	421	402	1609	398	1598	0	0
1116	1118	1135	1340	1334	1346	0	0
2064	2089	55	866	2064	0	0	0
574	584	582	588	580	583	0	0
167	700	699	697	707	714	0	0
45	1731	1750	103	1753	1732	0	0
174	712	1756	1757	1754	1751	0	0
439	1780	1700	1704	1710	1776	1779	0
277	1134	1324	1135	1118	1133	0	0
271	273	1093	1097	1102	1101	0	0
82	1372	86	342	1374	1373	0	0
2090	2091	381	1619	2090	0	0	0
431	1711	1717	433	1708	1709	0	0
2061	2092	2093	492	241	2061	0	0
409	1943	478	1934	1657	1935	0	0
474	1954	1963	1970	1964	1960	0	0
2062	2094	825	839	46	842	2062	0
466	1910	1925	1926	1924	1909	1913	0
49	164	680	549	674	790	0	0
122	1824	1827	1822	633	631	0	0
118	551	557	529	564	135	0	0
1436	1458	1456	1457	1442	1444	0	0
104	1784	116	1810	1789	1788	0	0
155	1856	1857	1838	1853	0	0	0
2095	2096	1611	1608	2095	0	0	0
92	319	1298	1296	1272	0	0	0
178	1743	1747	1733	1740	1722	0	0
363	1502	1532	1530	1547	1519	0	0
2097	2098	604	606	603	2097	0	0
191	761	765	763	770	787	0	0
2099	2100	581	120	584	574	2099	0
381	1615	1617	1620	1619	0	0	0
2101	2102	1107	1099	1353	1106	2101	0
926	1038	1035	1036	999	1027	0	0
50	665	555	666	165	655	0	0
87	1453	1451	1448	1440	1449	0	0
19	1338	1339	1329	339	333	0	0
11	323	331	1301	1304	0	0	0
62	1012	1016	1067	1020	1070	0	0
925	945	957	953	947	927	0	0
475	1911	1931	1930	1920	1923	0	0
14	1238	26	1241	1312	1317	1307	0
58	929	924	934	937	909	0	0
88	315	1549	1541	1546	352	0	0
349	1401	1409	1403	350	1404	0	0
7	896	215	894	897	70	0	0
1471	1480	1483	1475	1477	1476	0	0
484	1948	1958	1951	1944	1949	1942	0
276	1161	1156	1158	1150	1165	0	0
221	297	744	752	753	0	0	0
2079	2071	521	37	518	2079	0	0
26	1238	1236	187	1234	1242	0	0
216	888	773	889	884	885	0	0
146	598	591	593	162	592	0	0
772	859	857	849	853	0	0	0
674	799	794	800	789	790	0	0
253	1059	1090	1088	1089	1076	1072	0
217	219	762	743	1196	0	0	0
23	1640	476	1641	407	0	0	0
1887	1959	1892	1895	1889	1967	0	0
97	417	1606	1688	1687	1689	0	0
102	1642	403	410	1658	1652	1653	0
25	1633	1630	483	1635	1632	0	0
282	1148	285	1156	1161	1163	0	0
1896	1927	1929	1925	1910	1908	1904	0
379	382	1559	1575	1584	1586	0	0
93	487	1966	473	1963	1954	0	0
467	1909	1924	1917	1915	1914	0	0
67	1073	1075	84	1085	1069	0	0
2021	2103	944	53	946	949	2021	0
2039	2104	574	583	577	2039	0	0
771	883	889	773	887	0	0	0
328	1337	1325	1345	1331	0	0	0
304	1249	1231	1232	1713	0	0	0
2105	2106	1600	1601	396	2105	0	0
299	1195	1186	1214	1189	1187	0	0
125	528	515	501	531	532	0	0
191	787	218	788	782	780	0	0
240	1000	965	1001	248	1005	0	0
44	696	685	713	670	694	0	0
351	1417	1536	1413	1416	1290	0	0
119	1839	1859	460	1865	0	0	0
392	394	1596	393	401	400	0	0
259	1223	1143	1221	1209	1222	0	0
2107	2108	124	510	513	31	2107	0
95	320	1292	310	1293	1542	0	0
24	796	199	802	527	196	0	0
53	213	938	936	228	946	0	0
1188	1204	1205	1203	1197	1206	0	0
182	748	294	745	746	0	0	0
2109	2110	601	595	581	2109	0	0
218	784	769	220	783	788	0	0
14	1224	1222	1209	1236	1238	0	0
153	632	626	623	602	0	0	0
275	1350	1347	1341	1343	1365	0	0
318	324	1298	319	1292	320	0	0
38	1820	115	1762	1760	156	1761	0
650	689	693	676	671	672	0	0
83	1115	1114	1110	1119	1105	0	0
209	815	807	835	836	834	0	0
389	1256	1254	432	1716	1263	0	0
448	1655	1661	1654	1666	1663	0	0
18	1275	308	1276	1277	1283	0	0
254	1033	926	1027	1034	960	0	0
23	1941	482	1630	1633	1631	1640	0
327	1433	1397	1434	1388	1394	0	0
414	1921	1665	1918	1656	0	0	0
362	363	1519	1533	1552	1553	0	0
729	733	731	1230	735	1229	1213	0
482	1940	1945	1947	483	1630	0	0
328	1330	1332	339	1329	1337	0	0
48	804	204	202	820	123	0	0
409	1935	1932	1928	1961	480	0	0
1260	1264	1262	1569	1265	1266	0	0
76	303	1148	282	292	1142	0	0
594	658	600	620	623	626	628	0
487	1898	1899	1892	1959	1966	0	0
148	1844	1846	155	1853	1847	0	0
79	85	342	86	1384	1381	0	0
2047	2111	1477	1475	2047	0	0	0
160	592	162	600	658	0	0	0
98	1798	1795	1792	1799	465	446	0
120	141	138	121	582	584	0	0
201	831	833	813	834	836	0	0
364	1460	1463	1466	373	1468	0	0
309	1250	1248	1719	1729	1252	0	0
106	1775	1746	1773	1745	1765	0	0
182	192	766	744	297	748	0	0
2112	2113	1487	1504	1507	2112	0	0
375	1501	1505	1506	1482	1503	0	0
403	411	1670	1662	1659	410	0	0
15	1406	1405	1332	1330	1302	0	0
1270	1560	1571	1286	1285	1284	0	0
121	138	598	146	586	561	0	0
30	496	505	503	500	509	0	0
450	1797	1873	462	1874	1906	0	0
167	685	696	654	695	700	0	0
304	1719	1248	1233	1243	1249	0	0
681	692	686	690	684	691	0	0
756	768	885	884	767	0	0	0
195	776	767	884	889	883	774	0
316	347	326	325	1273	1297	0	0
103	1759	1749	1752	1736	1753	0	0
222	908	928	924	929	919	0	0
234	978	993	992	990	976	0	0
183	752	744	766	765	761	757	0
105	1660	1790	1791	1664	0	0	0
390	1580	1578	1574	1579	1582	0	0
1092	1123	1111	1095	1122	1125	0	0
288	915	910	916	1173	922	0	0
1135	1324	1137	1342	1344	1340	0	0
222	919	906	904	895	255	920	0
71	267	1061	266	1019	1062	0	0
286	1136	1139	1140	1141	1327	0	0
231	900	904	906	939	940	0	0
127	559	131	557	551	558	0	0
307	1703	425	1696	422	1702	0	0
1252	1729	1728	1720	1721	0	0	0
166	683	177	749	759	679	750	0
403	1642	445	1650	411	0	0	0
1861	1864	1862	1872	1866	0	0	0
2	279	17	1339	1338	1367	0	0
105	1664	1793	1655	448	405	1785	0
372	1485	1504	1487	1481	1495	0	0
198	677	791	793	549	680	0	0
307	1702	1704	1700	1705	437	0	0
2094	2016	831	201	825	2094	0	0
49	649	684	690	682	164	0	0
316	1296	1298	324	1291	1299	347	0
2108	2060	493	124	2108	0	0	0
133	672	671	669	667	661	0	0
461	1836	1841	1834	1832	1840	0	0
1708	1712	1723	1722	1740	1709	0	0
174	1751	455	435	1744	1758	0	0
293	1204	1188	1208	298	1214	1186	0
374	1479	1483	1480	1469	1473	1467	0
3	512	498	530	520	0	0	0
85	1379	1377	1374	342	0	0	0
777	854	845	843	846	847	0	0
107	413	1678	1691	1694	181	0	0
227	1192	1198	1190	898	289	0	0
932	935	960	1034	958	961	0	0
29	1680	1679	1682	1678	413	0	0
243	1094	1351	1103	1106	1353	0	0
198	759	749	760	755	677	0	0
2114	2075	972	970	2114	0	0	0
75	179	184	176	1730	305	1707	0
406	408	1625	1626	1647	1639	1624	0
157	633	1822	635	1818	636	0	0
1287	1556	1562	1543	1561	1563	0	0
341	361	1398	1441	1439	1385	0	0
402	421	1607	1606	417	420	0	0
415	1900	1897	1907	1901	464	0	0
194	203	779	809	816	810	0	0
266	1061	1076	1089	1087	1079	1071	0
91	100	1685	427	1686	426	0	0
552	589	664	663	662	554	0	0
112	1769	1774	1763	1768	0	0	0
188	781	220	769	778	0	0	0
106	454	1763	1774	436	1775	0	0
2115	2116	2045	984	2115	0	0	0
2117	2118	79	1381	1386	2117	0	0
343	1457	1456	1443	1439	1441	0	0
42	629	638	644	646	0	0	0
410	1659	1636	451	479	1658	0	0
76	1142	1216	1219	1218	0	0	0
2055	2119	1627	1625	408	27	2055	0
2	1366	1364	275	1365	279	0	0
68	1537	1538	1531	1539	1419	1424	0
1733	1747	1742	1745	1773	1772	0	0
93	1962	1927	1896	1898	487	0	0
1356	1364	1366	1361	1369	1358	0	0
2120	2121	376	1528	1514	2120	0	0
371	1586	1584	391	1587	1590	0	0
377	1518	1520	1585	1526	1521	0	0
1018	1021	1023	1032	1031	0	0	0
177	683	751	753	752	183	0	0
346	1412	1411	1396	1409	1401	0	0
468	1863	1894	1897	1900	1902	0	0
11	1304	1306	287	1305	1310	0	0
2122	2097	603	145	599	601	2122	0
1139	1159	1157	1147	1318	1140	0	0
243	1353	1099	1108	1113	0	0	0
111	452	115	1820	1819	1813	0	0
471	1945	1940	478	1943	488	0	0
36	1831	453	109	1830	0	0	0
255	899	910	915	911	920	0	0
16	456	1808	1806	1770	1766	0	0
250	1023	1021	1002	256	1017	0	0
164	682	679	759	198	680	0	0
28	1309	1279	1281	317	1278	0	0
2119	2090	1619	1620	1616	1627	2119	0
207	817	815	209	818	814	0	0
120	581	595	597	141	0	0	0
89	1423	1531	1538	321	1422	0	0
43	51	725	716	702	709	0	0
78	1151	1165	1150	1138	1155	0	0
57	1042	1041	260	1167	1048	0	0
276	1182	1149	1183	1163	1161	0	0
213	868	873	941	223	938	0	0
446	465	1771	1809	1801	1803	0	0
2026	2123	1882	1877	2026	0	0	0
2106	2030	397	1600	2106	0	0	0
257	1045	1049	1065	264	1064	0	0
12	554	662	22	668	553	0	0
1144	1307	1317	1316	1314	1320	0	0
143	618	163	153	602	613	615	0
256	1062	1019	1067	1016	1017	0	0
398	1610	1608	1611	1603	1598	0	0
343	1441	1398	1391	1434	1397	0	0
39	532	531	536	565	534	0	0
99	392	400	1577	1607	421	0	0
280	1319	322	1306	1304	1301	1303	0
462	1873	1794	1870	1875	0	0	0
388	1570	1571	1560	1565	1573	0	0
314	1285	1286	1543	1562	0	0	0
56	886	233	902	901	903	0	0
925	927	937	934	935	932	0	0
276	1165	1151	1154	1164	1182	0	0
118	135	567	573	571	566	0	0
80	1413	1536	1424	1419	0	0	0
334	1352	1103	1351	1357	336	0	0
423	429	1746	1775	436	434	0	0
2124	2114	970	52	979	977	2124	0
5	541	553	668	548	0	0	0
2125	2126	1889	1895	1863	468	2125	0
54	905	233	886	224	70	897	0
30	144	495	136	496	0	0	0
169	675	197	669	671	676	0	0
415	464	1906	1874	1876	470	0	0
298	1217	1219	1216	1189	1214	0	0
110	562	572	139	571	573	0	0
90	1461	1446	1452	1430	1459	0	0
188	777	847	809	779	781	0	0
9	1058	262	1154	1151	78	0	0
474	1960	484	1942	480	1961	0	0
440	1787	1781	1778	1786	0	0	0
1390	1403	1409	1396	1414	1395	0	0
1334	1340	1344	1335	1336	1349	0	0
119	1835	1867	1841	1836	1839	0	0
2127	2120	1514	1527	1512	2127	0	0
334	336	1356	1358	1360	1359	0	0
257	1064	1025	265	1026	1046	0	0
114	1825	1850	1851	1846	1844	617	0
424	1668	1783	1669	1648	1675	0	0
101	399	1618	1616	1620	1617	1612	0
36	149	1828	1840	1832	1831	0	0
1140	1318	1146	1321	1323	1141	0	0
259	1222	1224	1313	302	1225	0	0
95	1542	1545	1544	1540	1415	0	0
62	64	1010	1009	1011	1012	0	0
72	723	718	721	185	0	0	0
368	1468	373	1473	1469	1472	0	0
51	710	727	728	717	725	0	0
2128	2124	977	978	234	2128	0	0
114	617	1837	1842	1827	1824	1843	0
1636	1659	1662	1654	1661	1918	1665	0
22	662	663	50	655	133	661	0
238	252	959	961	958	0	0	0
102	1653	1645	1643	412	416	0	0
143	615	616	605	611	0	0	0
63	971	968	994	991	0	0	0
473	1966	1959	1887	1881	1972	0	0
9	1056	263	1091	1126	1127	1058	0
10	1705	1700	1780	443	444	0	0
28	1278	1294	1310	1305	1311	0	0
89	1422	359	1497	1425	1426	0	0
430	1715	1706	1254	1256	1255	0	0
266	1071	1020	1067	1019	0	0	0
404	1651	1683	1681	416	412	0	0
43	1748	1750	1731	710	51	0	0
96	1588	1550	1592	1520	1518	0	0
1094	1112	1347	1350	1357	1351	0	0
17	279	1365	1343	1349	1336	0	0
175	1757	1756	711	703	705	0	0
140	577	583	580	578	575	0	0
454	1764	1767	1770	1806	1768	1763	0
217	1196	1193	1200	1199	764	0	0
636	1818	1813	1819	641	639	0	0
1638	1646	1645	1653	1652	0	0	0
94	1575	1559	311	1564	1558	0	0
2088	2083	1893	1881	1887	1967	2088	0
68	1424	1536	1417	1415	1540	0	0
210	850	843	845	853	849	0	0
74	1172	898	1190	1191	1194	0	0
931	957	945	933	956	0	0	0
2072	2107	31	498	512	511	2072	0
1334	1349	1343	1341	1348	1346	0	0
111	1813	1818	635	113	1823	0	0
218	787	770	758	775	784	0	0
360	1431	1494	1493	1492	1462	0	0
145	603	606	614	154	0	0	0
6	830	206	813	833	829	0	0
2013	2128	234	976	980	2013	0	0
59	996	998	995	963	0	0	0
296	1202	1184	1191	1190	1198	0	0
189	857	859	852	878	837	0	0
240	1004	244	963	995	1000	0	0
44	694	689	650	652	643	0	0
45	1732	1737	1718	305	1730	0	0
90	354	1460	364	1461	0	0	0
459	607	1854	1851	1850	610	0	0
852	879	860	867	877	878	0	0
484	1960	1964	1953	1948	0	0	0
250	1017	1016	1012	1011	1007	1015	0
1664	1791	1914	1915	1916	1793	0	0
2096	2105	396	1599	1603	1611	2096	0
203	785	783	220	781	779	0	0
423	1779	1776	1777	429	0	0	0
477	1931	1911	1926	1925	1929	0	0
2129	2046	1479	374	1496	2129	0	0
2091	2095	1608	1610	1615	381	2091	0
2130	2131	1975	1973	1965	1971	2130	0
94	1580	390	391	1584	1575	0	0
134	646	644	648	630	651	0	0
26	1242	1240	1245	1241	0	0	0
670	681	691	693	689	694	0	0
375	1503	1498	1491	1499	1500	0	0
2082	2033	988	247	21	2082	0	0
251	1053	1054	262	1058	1127	0	0
114	1843	618	143	611	1825	0	0
208	848	846	843	850	844	0	0
81	1093	273	270	1080	272	0	0
109	453	1829	1815	1817	1814	1812	0
425	1673	1697	1263	1716	1696	0	0
288	912	921	911	915	0	0	0
2022	2005	1010	64	1013	2022	0	0
176	184	724	726	728	727	0	0
926	1033	1039	1040	1044	1038	0	0
348	350	1403	1390	1393	1387	0	0
200	820	202	821	819	827	0	0
34	708	170	698	715	0	0	0
158	656	657	555	665	161	0	0
2132	2133	1974	1973	1975	2132	0	0
2066	2101	1106	1103	1352	2066	0	0
230	877	867	872	862	876	0	0
18	1282	1281	1279	1269	1275	0	0
33	805	795	801	823	205	0	0
332	338	335	1370	1368	1371	0	0
187	1236	1209	1221	300	1235	0	0
19	333	1399	349	1404	1400	0	0
286	1327	1322	1300	1328	1326	0	0
1423	1437	1428	1539	1531	0	0	0
101	1613	419	1644	418	399	0	0
860	874	880	875	872	867	0	0
462	1875	1872	1862	1878	1876	1874	0
2	1367	332	1371	1361	1366	0	0
353	366	1493	1494	1491	1498	0	0
1866	1872	1875	1870	1869	1868	0	0
432	1254	1706	1714	1712	1708	433	0
54	897	894	899	255	895	0	0
379	1550	1588	1548	383	382	0	0
48	538	542	196	527	804	0	0
93	1954	474	1961	1928	1933	1962	0
2002	2134	1386	1445	344	2002	0	0
123	820	200	524	526	0	0	0
16	1766	1807	1814	1817	1816	0	0
177	183	757	760	749	0	0	0
362	1553	1508	1529	1524	1534	0	0
2034	2135	984	985	974	2034	0	0
165	666	660	653	643	652	0	0
1509	1515	1516	1523	1522	0	0	0
57	1048	1050	1045	257	1046	0	0
228	936	909	937	927	947	0	0
315	1555	383	1548	356	1549	0	0
100	1684	1699	1692	1566	1685	0	0
2136	2137	495	144	492	2136	0	0
1881	1893	1971	1965	1969	1972	0	0
2121	2112	1507	1506	1505	376	2121	0
159	173	701	704	697	699	0	0
874	882	903	901	880	0	0	0
121	561	590	587	585	588	582	0
1420	1421	1429	1435	1438	0	0	0
411	1650	1648	1669	1671	1670	0	0
103	1750	1748	711	1756	712	1759	0
87	1449	1458	1436	1459	1430	0	0
2028	2127	1512	1516	1515	2028	0	0
428	1723	1712	1714	1721	1720	0	0
335	348	1387	1389	1375	1370	0	0
473	1972	1969	1955	1970	1963	0	0
407	1641	479	451	1937	1936	0	0
13	1312	1241	1245	1308	1247	0	0
1097	1104	1108	1099	1107	1102	0	0
238	958	1034	1027	999	997	966	0
2138	2129	1496	1481	1487	2138	0	0
918	1037	1041	1042	1040	1039	0	0
2051	2139	1858	150	2051	0	0	0
360	1432	1429	1421	1426	1425	1431	0
46	844	850	210	855	842	0	0
1233	1248	1250	1253	1251	0	0	0
36	1830	1823	113	1826	149	0	0
76	1218	1225	302	1145	303	0	0
975	980	976	990	986	982	0	0
199	796	797	800	794	798	0	0
735	1230	1724	1725	1713	1232	0	0
2133	2031	1956	490	1974	2133	0	0
1482	1506	1507	1504	1485	0	0	0
908	913	1037	918	1022	928	0	0
96	1518	377	1552	1533	1551	0	0
236	973	954	856	930	931	956	0
261	1169	1051	1049	1045	1050	0	0
56	903	882	881	771	887	0	0
66	1111	1123	1098	81	272	0	0
110	126	497	137	569	562	0	0
71	1062	256	1002	265	1025	0	0
193	216	885	768	890	892	0	0
166	171	687	754	751	683	0	0
316	1297	1280	1295	1272	1296	0	0
605	612	610	1850	1825	611	0	0
1796	1805	1804	1833	1800	1802	0	0
188	778	776	195	854	777	0	0
295	296	1198	1192	1199	1200	0	0
321	1538	1537	355	1530	1532	0	0
292	1178	1187	1189	1216	1142	0	0
59	992	993	63	991	996	0	0
2049	2063	876	862	870	232	2049	0
166	750	686	692	688	171	0	0
734	1226	1143	1223	1215	1212	0	0
1128	1132	1153	1159	1139	1136	0	0
1018	1031	1035	1038	1044	1043	0	0
476	1640	1631	1624	1639	1646	1638	0
281	1408	1407	1402	1405	1406	0	0
49	790	789	675	169	649	0	0
490	1955	1969	1965	1973	1974	0	0
2103	2048	942	871	944	2103	0	0
282	1163	1183	290	1178	292	0	0
2140	2037	458	1865	460	1858	2140	0
138	141	597	596	591	598	0	0
16	1816	463	1801	1809	1811	456	0
3	520	516	525	526	524	523	0
962	1028	997	999	1036	1029	0	0
39	129	516	520	530	125	532	0
2056	2065	69	1096	2056	0	0	0
263	1121	1122	1095	1120	1091	0	0
422	1696	1716	432	433	1717	0	0
2017	2078	4	6	829	2017	0	0
28	1311	1247	1308	306	1309	0	0
45	1730	176	727	710	1731	0	0
250	1015	1030	969	1032	1023	0	0
962	1024	998	996	991	994	1028	0
62	1070	84	1075	1013	64	0	0
54	895	904	900	905	0	0	0
263	1056	1117	1129	1121	0	0	0
24	539	546	673	797	796	0	0
427	1695	1687	1688	1576	1686	0	0
15	1302	330	1303	1301	331	0	0
502	515	528	513	510	0	0	0
278	1175	1177	1180	1052	1170	1176	0
96	1551	356	1548	1588	0	0	0
83	1105	1113	1108	1104	1109	0	0
270	1081	1083	1084	1068	1086	1080	0
155	1846	1851	1854	1855	1856	0	0
157	636	639	642	640	647	634	0
1742	1752	1749	1758	1744	1765	1745	0
42	628	626	632	627	629	0	0
147	612	605	616	614	606	604	0
172	704	701	706	705	703	0	0
99	1598	1603	1599	394	392	0	0
2141	2142	2143	1975	2141	0	0	0
756	767	776	778	769	784	775	0
202	204	823	801	803	824	821	0
415	470	472	1884	1902	1900	0	0
373	1466	1464	380	1467	1473	0	0
110	573	567	533	563	126	0	0
389	1263	1697	1260	1266	1258	1274	0
405	448	1663	449	442	0	0	0
55	837	878	877	230	866	0	0
1262	1264	1690	1699	1684	1567	0	0
20	1237	1251	1253	313	1257	1244	0
30	509	507	241	492	144	0	0
66	1090	1059	1120	1095	1111	0	0
362	1534	1535	1525	1502	363	0	0
