0.12261
0.32788
0.7854
0.7854
0.3818
0.7854
0.7854
1.1328
0.83739
2.7926
1.1785
0.7854
0.7854
2.5422
0.28015
1.0705
1.5734
0.7854
3.0335
1.2836
0.7854
0.7854
1.4471
0.7903
0.7854
1.8505
0.7854
1.262
2.0049
0.7854
1.4072
0.7854
0.21068
0.7854
1.7465
0.7854
1.9112
0.7854
0.7854
0.7854
0.85226
0.7854
1.4855
2.0218
1.8746
0.4271
0.7854
0.7854
0.17241
2.2637
0.7854
0.7854
0.7854
2.1963
0.7854
0.7854
1.2971
0.7854
0.7854
1.5736
1.0832
0.024493
2.1612
0.7854
3.0853
0.7854
1.3715
0.7854
3.0515
0.7854
1.6904
2.8834
2.3914
0.7854
1.3169
0.7854
0.7854
3.0587
2.6826
0.7854
0.63599
2.6092
0.7854
2.7906
0.41486
2.9966
0.7854
0.7854
1.8654
0.7854
0.7854
2.9048
0.7854
1.7669
2.0789
0.49704
0.7854
1.2791
2.5194
0.7854
0.7854
0.7854
2.5882
0.7854
0.21561
1.9186
3.1133
0.7854
0.49821
0.7854
0.7854
0.7854
0.7854
0.7854
0.7854
2.264
0.7854
0.7854
0.7854
0.7854
2.5936
0.7854
0.7854
0.7854
0.7854
1.02
3.0054
0.7854
0.7854
0.7854
0.7854
0.7854
0.7854
2.6039
3.0242
0.7854
0.089508
0.7854
0.5772
1.9301
0.7854
0.7854
0.7854
0.7854
0.7854
0.7854
0.16547
2.5292
2.2782
0.7854
0.7854
0.7854
0.7854
2.8938
0.47733
0.7854
0.7854
0.7854
2.1988
2.6637
0.40728
0.50727
0.7854
1.6718
0.7854
0.7854
1.0237
2.1542
0.7854
0.7854
1.8622
0.7854
0.66283
0.7854
2.7582
0.7854
0.94798
0.7854
0.55607
0.7854
0.7854
2.1244
1.6951
0.7854
0.82392
0.98075
2.682
0.7854
0.7854
0.7854
0.40916
0.7854
0.20922
2.9783
0.7854
0.32436
0.7854
1.7914
1.9855
0.7854
0.7854
1.1742
2.4284
2.3334
0.7854
0.30726
0.7854
0.7854
0.7854
3.0422
0.075527
0.7854
0.7854
0.7854
0.7854
0.7854
2.402
0.575
1.8726
0.7854
0.7854
0.7854
0.48112
0.7854
2.7131
0.7854
0.7854
0.7854
0.7854
0.7854
2.9033
1.3794
0.7854
1.4916
0.2659
1.5014
0.7854
0.7854
0.7854
3.0941
1.2446
2.0851
2.4249
0.7854
0.55905
0.7854
0.7854
1.7259
0.7854
0.7854
0.7854
1.9137
2.5377
1.9334
0.7854
0.7854
0.7854
0.7854
0.7854
1.474
0.7854
1.7187
0.7854
0.879
0.16569
1.1045
0.7854
1.1305
0.7854
0.7854
2.3552
0.7854
3.1232
2.7549
0.64939
0.7854
2.9613
0.7854
0.28215
1.5363
0.7854
0.7854
2.7798
2.0712
0.084826
0.7854
0.7854
0.28276
0.88593
2.4095
0.61545
0.078318
0.7854
1.0964
0.7854
0.7854
0.7854
0.41461
0.7854
1.7086
1.8969
0.7854
1.6412
0.7854
2.1313
0.7854
1.1813
0.00022629
0.051162
0.81533
2.9618
0.7854
0.47106
0.95807
0.7854
0.7854
0.7854
0.7854
0.42402
0.78046
0.7854
0.7854
1.3433
0.7854
1.4405
0.7854
0.7854
0.7854
0.7854
0.7854
0.7854
2.9956
1.5756
1.0434
0.6111
0.7854
0.7854
0.7854
2.3825
0.7854
0.7854
0.7854
2.6389
0.7854
2.4724
0.7854
0.7854
1.7498
1.0023
1.2921
2.8414
2.7217
2.8982
1.771
0.58536
2.1256
1.1225
0.7854
0.7854
2.5163
0.78943
2.0891
0.7854
0.7854
0.7854
0.7854
2.261
0.7854
0.7854
0.7854
0.54202
0.7854
0.7854
0.7854
2.0184
0.7854
0.41351
1.3487
0.7854
1.1959
0.7854
0.15296
0.7854
2.2092
0.93574
1.3297
0.7854
2.4242
0.74775
0.7854
2.2557
0.7854
0.7854
0.7854
0.7854
2.4711
0.7854
1.9695
0.7854
1.8835
0.7854
0.7854
0.19329
0.7854
0.7854
1.3008
0.7854
0.76217
0.7854
0.7854
1.4385
3.0672
0.7854
0.7854
0.7854
0.7854
0.7854
1.8661
0.7854
0.92912
0.7854
0.7854
0.7854
1.4109
0.7854
0.7854
0.10575
0.7854
0.7854
2.4835
0.7854
2.3891
0.7854
0.28942
1.1803
1.6204
0.7854
0.7854
0.7854
0.7854
0.7854
0.7854
0.7854
0.7854
0.7854
0.7854
0.7854
0.7854
0.7854
2.807
0.7854
0.7854
2.0244
0.7854
1.0333
0.7854
0.7854
0.7854
2.8762
0.7854
0.7854
1.9129
1.9654
0.7854
2.782
0.7854
0.32866
1.0204
0.7854
0.7854
1.6996
0.7854
3.0316
1.1029
1.3612
0.7854
0.7854
2.0471
1.6569
0.21196
0.95053
0.7854
2.0999
0.7854
1.9962
0.7854
0.81225
0.7854
0.74968
0.7854
0.7854
0.7854
0.7854
0.7854
2.0438
0.7854
0.25127
1.5097
0.20898
1.3655
0.7854
0.7854
1.2322
0.7854
0.81234
0.7854
2.8713
2.2264
2.1477
0.7854
0.7854
1.9482
1.6234
0.7854
0.7854
0.65963
0.7854
0.7854
0.7854
0.57775
0.7854
0.2304
2.3547
0.7854
1.9581
0.7854
0.7854
0.7854
0.7854
1.5145
1.7793
0.7854
2.5173
2.5674
1.5898
0.7854
2.2183
1.6853
0.7854
2.9816
1.8808
0.7854
0.7854
0.027323
1.6681
0.7854
0.7854
0.7854
2.3387
0.77095
0.7854
3.1391
2.0853
1.4752
0.7854
1.6001
0.7854
0.983
0.7854
0.7854
2.5186
1.8871
0.7854
2.128
1.2573
0.7854
2.029
0.7854
0.7854
0.65761
0.7854
0.7854
0.7854
1.5116
0.47057
0.36515
0.7854
2.6877
0.45445
1.3924
0.054808
0.7854
2.1368
0.7854
1.4572
3.012
1.5666
0.7854
0.7854
1.1781
0.7854
2.0327
0.7854
0.47159
0.22757
0.7854
0.55854
0.7854
1.8007
0.7854
0.69006
1.403
0.7854
0.7854
0.7854
1.7226
0.7854
1.4209
1.0559
1.0915
0.7854
1.2115
1.9715
0.7854
0.75351
2.1782
0.61283
1.3754
0.7854
0.7854
2.4333
0.20348
0.095827
0.7854
2.1796
2.9794
0.7854
3.0234
0.7854
0.7854
0.7854
2.5736
0.7854
0.7854
0.7854
0.7854
0.7854
2.3975
0.7854
2.8438
0.7854
0.7854
1.4716
2.8578
0.7854
0.7854
1.4133
0.7854
0.7854
1.3312
1.4534
2.9459
2.8671
0.7854
0.7854
0.7854
2.4253
0.7854
0.97955
2.5424
1.649
1.1423
0.7854
0.60952
2.2989
0.7854
0.74808
1.641
2.543
0.7854
1.9702
0.56597
2.0656
0.93257
3.1078
1.4144
0.7854
1.8377
2.7759
0.7854
0.7854
0.7854
0.69285
2.8873
2.8119
2.799
0.7854
0.7854
0.7854
0.7854
1.6781
0.7854
0.7854
0.7854
0.87865
0.7854
2.7433
2.1023
0.45285
0.7854
1.2225
0.98931
2.7053
2.8752
0.85557
2.6843
0.7854
1.9925
0.7854
0.7854
0.7854
1.9002
0.14158
0.7854
0.7854
0.7854
0.7854
0.7854
0.26183
0.7854
0.31617
2.8
2.718
0.7854
0.38273
2.3007
0.7854
0.21746
0.7854
1.3291
0.7854
0.7854
2.8962
2.1719
2.5016
0.7854
0.7854
0.7854
1.2662
1.7692
0.039909
0.7854
0.7854
0.7854
1.647
2.5017
2.1003
2.559
2.952
1.8983
1.3833
0.7854
0.7854
0.7854
2.4606
0.7854
2.0941
0.7854
0.7854
1.3908
2.556
0.4736
0.7854
0.7854
0.7854
0.69474
2.5482
0.7854
0.7854
2.5298
0.7854
2.2056
0.7854
0.88388
0.61239
0.7854
0.50062
0.7854
0.7854
1.7213
2.0736
0.7854
1.5367
0.7854
0.7854
2.63
0.7854
2.0203
1.51
0.19247
0.7854
2.0047
0.7854
0.7854
1.9095
1.3098
0.7854
0.15733
0.7854
1.949
0.7854
0.7854
0.7854
1.4149
1.8137
0.7854
0.75209
0.7854
0.79642
0.7854
0.78596
0.64426
0.7854
0.7854
0.25073
0.7854
2.0371
0.37356
0.7854
0.7854
0.71307
3.023
0.7854
0.7854
0.7854
0.7854
1.2126
0.037936
0.7854
0.7854
1.7329
0.7854
0.7854
0.7854
0.7854
2.4914
1.5028
0.26899
1.942
3.0522
0.7854
1.4948
0.7854
0.7854
0.7854
0.7854
1.6188
2.1906
0.7854
0.25744
1.959
0.7854
0.7854
1.6969
0.7854
0.7854
0.7854
0.93081
2.0234
0.7854
0.7854
0.7854
0.7854
2.8803
1.4181
0.7854
0.7854
0.7854
0.7854
0.7854
0.7854
0.7854
1.572
2.9769
0.051279
0.7854
3.0361
0.7854
0.7854
0.13044
2.8561
1.7399
2.6463
0.7854
1.6337
0.7854
0.7854
2.9737
1.6775
0.31556
1.4181
2.3516
1.6716
2.9168
0.7854
0.7854
0.7854
0.7854
0.7854
0.7854
0.7854
2.4314
2.656
1.2558
0.7854
1.6251
0.7854
2.8953
0.7854
2.8569
0.7854
0.7854
0.7854
2.6394
0.7854
2.722
0.7854
0.7854
0.7854
0.37208
2.2369
0.7854
1.7819
2.3164
2.887
2.7634
1.1632
0.7854
0.7854
1.3984
0.72882
0.7854
0.044718
1.2835
0.7854
0.4513
2.3243
0.7854
0.7854
3.1072
1.9572
1.2691
0.7854
0.7854
0.45494
1.2598
1.6715
0.7854
1.8246
0.32826
0.7854
1.502
2.5645
1.8023
0.66169
0.7854
1.3597
0.7854
2.3468
1.2461
0.7854
0.7854
0.7854
0.7854
0.7854
0.7854
3.1254
0.7854
0.7854
2.7668
2.2135
0.26188
0.7854
0.0016399
0.7854
2.4342
2.8647
0.7854
0.7854
2.052
0.55774
0.7854
0.0085843
0.61503
0.7854
0.7854
0.7854
3.1258
1.4032
0.17369
0.7854
0.74664
0.7854
0.8044
0.27378
1.7826
0.83609
0.7854
0.7854
1.8878
0
