0.12261
0.32788
0.9114
1.7112
0.3818
1.9028
2.0737
1.1328
0.83739
2.7926
1.1785
2.1186
1.0173
2.5422
0.28015
1.0705
1.5734
0.41403
3.0335
1.2836
3.0512
2.0015
1.4471
0.7903
0.55908
1.8505
0.50114
1.262
2.0049
2.2013
1.4072
0.86466
0.21068
1.6309
1.7465
2.5407
1.9112
1.5936
1.703
1.4253
0.85226
2.605
1.4855
2.0218
1.8746
0.4271
0.78105
1.033
0.17241
2.2637
2.4863
3.0732
0.3116
2.1963
0.42668
0.99151
1.2971
0.080815
1.9448
1.5736
1.0832
0.024493
2.1612
1.0996
3.0853
2.5653
1.3715
1.799
3.0515
2.9376
1.6904
2.8834
2.3914
3.0746
1.3169
0.58032
2.7875
3.0587
2.6826
0.1512
0.63599
2.6092
1.0159
2.7906
0.41486
2.9966
0.72589
0.16958
1.8654
2.8452
2.6039
2.9048
1.291
1.7669
2.0789
0.49704
2.7098
1.2791
2.5194
0.57551
3.103
2.7016
2.5882
1.2742
0.21561
1.9186
3.1133
1.3717
0.49821
2.7861
0.51428
0.0054536
2.7155
3.06
2.2669
2.264
1.7277
1.8913
0.3332
2.1634
2.5936
2.4756
0.315
2.8761
1.1372
1.02
3.0054
0.28532
2.3682
1.1803
0.27869
3.0771
2.1274
2.6039
3.0242
1.983
0.089508
1.5574
0.5772
1.9301
1.1888
1.9887
2.6614
2.3605
1.1796
2.1615
0.16547
2.5292
2.2782
0.11196
1.5762
2.9157
0.7791
2.8938
0.47733
0.7221
2.626
2.4581
2.1988
2.6637
0.40728
0.50727
0.63361
1.6718
2.7567
1.8468
1.0237
2.1542
0.23715
0.90222
1.8622
0.54409
0.66283
2.8007
2.7582
0.58295
0.94798
1.0974
0.55607
0.56518
2.455
2.1244
1.6951
1.9519
0.82392
0.98075
2.682
0.18564
1.0567
2.9609
0.40916
2.3764
0.20922
2.9783
2.0536
0.32436
1.2575
1.7914
1.9855
0.8475
2.3251
1.1742
2.4284
2.3334
2.9656
0.30726
1.0033
0.0019195
1.5643
3.0422
0.075527
1.5706
1.3077
2.5987
2.2579
0.13186
2.402
0.575
1.8726
1.8835
2.6619
2.6998
0.48112
2.3106
2.7131
2.9826
1.204
0.29365
0.62507
1.1337
2.9033
1.3794
1.1847
1.4916
0.2659
1.5014
2.4231
0.47063
0.95365
3.0941
1.2446
2.0851
2.4249
1.9283
0.55905
0.061293
0.62126
1.7259
0.97541
0.63401
1.5691
1.9137
2.5377
1.9334
1.2743
1.4801
0.022954
1.3716
0.50379
1.474
2.5649
1.7187
0.12993
0.879
0.16569
1.1045
0.44096
1.1305
0.63507
0.91502
2.3552
2.4818
3.1232
2.7549
0.64939
0.66064
2.9613
2.0951
0.28215
1.5363
0.48524
2.7506
2.7798
2.0712
0.084826
3.0098
2.0293
0.28276
0.88593
2.4095
0.61545
0.078318
0.41387
1.0964
2.1662
0.30036
1.5683
0.41461
1.9693
1.7086
1.8969
2.5275
1.6412
0.31745
2.1313
2.5715
1.1813
0.00022629
0.051162
0.81533
2.9618
1.2593
0.47106
0.95807
0.52053
1.1754
2.0867
2.2986
0.42402
0.78046
3.0674
2.2112
1.3433
0.45179
1.4405
1.8858
2.3692
0.58509
2.5855
0.71894
2.846
2.9956
1.5756
1.0434
0.6111
0.24855
0.51409
1.9882
2.3825
1.527
0.8401
1.9526
2.6389
0.62273
2.4724
1.6914
1.5992
1.7498
1.0023
1.2921
2.8414
2.7217
2.8982
1.771
0.58536
2.1256
1.1225
0.56605
1.2989
2.5163
0.78943
2.0891
0.55595
1.3574
0.30103
0.94547
2.261
1.2049
1.3773
0.028563
0.54202
0.26138
2.0581
1.3663
2.0184
1.6271
0.41351
1.3487
3.121
1.1959
2.6356
0.15296
0.56486
2.2092
0.93574
1.3297
1.6769
2.4242
0.74775
1.9654
2.2557
0.6876
1.5371
2.7832
3.1402
2.4711
0.51155
1.9695
1.0254
1.8835
2.3518
2.7097
0.19329
1.9079
1.304
1.3008
1.1719
0.76217
1.5947
3.0727
1.4385
3.0672
0.1369
1.7346
2.7501
0.94084
0.19774
1.8661
0.59918
0.92912
0.73952
1.9817
0.11866
1.4109
0.67151
1.2183
0.10575
2.9673
1.4431
2.4835
0.3359
2.3891
3.056
0.28942
1.1803
1.6204
0.012434
2.9763
1.4185
3.0886
0.73238
1.1542
0.82573
0.041619
0.2211
1.1884
1.7589
0.74157
1.8563
2.807
2.0451
1.583
2.0244
2.3853
1.0333
1.7222
2.3928
0.47589
2.8762
2.3132
2.8546
1.9129
1.9654
1.1237
2.782
0.82909
0.32866
1.0204
1.6502
0.56861
1.6996
0.9208
3.0316
1.1029
1.3612
2.6548
1.0692
2.0471
1.6569
0.21196
0.95053
1.5519
2.0999
3.13
1.9962
2.4225
0.81225
0.62481
0.74968
1.6311
1.9437
0.31379
1.2762
3.0511
2.0438
2.4596
0.25127
1.5097
0.20898
1.3655
1.7157
2.6932
1.2322
2.6056
0.81234
0.15916
2.8713
2.2264
2.1477
2.3884
0.09686
1.9482
1.6234
1.7938
1.8219
0.65963
2.5981
1.0001
1.3902
0.57775
0.83038
0.2304
2.3547
1.2281
1.9581
0.4591
1.1692
0.46371
1.1182
1.5145
1.7793
1.7902
2.5173
2.5674
1.5898
1.5805
2.2183
1.6853
2.8482
2.9816
1.8808
2.2822
1.3423
0.027323
1.6681
0.67471
0.57586
2.9957
2.3387
0.77095
0.33334
3.1391
2.0853
1.4752
0.21178
1.6001
1.7369
0.983
1.1384
2.3538
2.5186
1.8871
0.92999
2.128
1.2573
1.717
2.029
2.1643
2.06
0.65761
2.9988
1.5028
1.4499
1.5116
0.47057
0.36515
2.1475
2.6877
0.45445
1.3924
0.054808
0.2876
2.1368
2.9613
1.4572
3.012
1.5666
2.4617
2.0993
1.1781
0.213
2.0327
1.3929
0.47159
0.22757
2.4136
0.55854
0.67633
1.8007
1.9995
0.69006
1.403
2.228
0.057272
1.7514
1.7226
0.030571
1.4209
1.0559
1.0915
1.3705
1.2115
1.9715
2.2208
0.75351
2.1782
0.61283
1.3754
2.0556
0.61351
2.4333
0.20348
0.095827
3.1359
2.1796
2.9794
2.7895
3.0234
0.31624
2.8293
1.6649
2.5736
2.3584
2.7903
2.5554
0.69983
0.4766
2.3975
3.0398
2.8438
0.61157
0.47624
1.4716
2.8578
0.59742
2.1012
1.4133
2.5166
1.9179
1.3312
1.4534
2.9459
2.8671
1.9025
2.7627
1.015
2.4253
1.1058
0.97955
2.5424
1.649
1.1423
2.0078
0.60952
2.2989
0.82584
0.74808
1.641
2.543
1.3292
1.9702
0.56597
2.0656
0.93257
3.1078
1.4144
1.1039
1.8377
2.7759
2.5521
2.145
3.1232
0.69285
2.8873
2.8119
2.799
0.88808
0.98258
1.6215
2.9088
1.6781
2.135
0.3533
1.9057
0.87865
0.36233
2.7433
2.1023
0.45285
2.4511
1.2225
0.98931
2.7053
2.8752
0.85557
2.6843
0.20812
1.9925
2.7607
0.36682
2.8952
1.9002
0.14158
0.10906
0.39862
2.7186
1.6465
0.59112
0.26183
0.86909
0.31617
2.8
2.718
0.90585
0.38273
2.3007
0.75872
0.21746
1.1136
1.3291
1.5595
2.2761
2.8962
2.1719
2.5016
2.6303
0.14781
2.6907
1.2662
1.7692
0.039909
2.4673
1.5254
1.0425
1.647
2.5017
2.1003
2.559
2.952
1.8983
1.3833
2.3244
0.79876
1.2572
2.4606
2.245
2.0941
1.1534
0.56326
1.3908
2.556
0.4736
0.065008
2.5404
1.1078
0.69474
2.5482
0.32799
0.79554
2.5298
0.95738
2.2056
2.133
0.88388
0.61239
0.84673
0.50062
0.81921
0.36301
1.7213
2.0736
1.3866
1.5367
2.9917
0.62131
2.63
0.93931
2.0203
1.51
0.19247
1.5182
2.0047
1.21
0.82307
1.9095
1.3098
1.1443
0.15733
1.5859
1.949
2.9741
2.3451
2.7812
1.4149
1.8137
1.9555
0.75209
0.40895
0.79642
0.72983
0.78596
0.64426
2.479
1.4608
0.25073
0.17735
2.0371
0.37356
1.5658
1.944
0.71307
3.023
2.3562
1.2201
0.92356
2.8219
1.2126
0.037936
0.4198
1.9869
1.7329
0.79412
1.247
0.5479
2.3956
2.4914
1.5028
0.26899
1.942
3.0522
1.5742
1.4948
3.1392
2.2528
1.4759
0.059724
1.6188
2.1906
0.23479
0.25744
1.959
1.2977
1.3154
1.6969
0.23505
1.792
2.6104
0.93081
2.0234
0.43304
2.6532
2.5891
2.3646
2.8803
1.4181
2.2177
2.1248
1.2788
2.8576
2.7063
0.7377
1.7738
1.572
2.9769
0.051279
0.97269
3.0361
2.6653
0.31198
0.13044
2.8561
1.7399
2.6463
0.98488
1.6337
0.61372
0.041222
2.9737
1.6775
0.31556
1.4181
2.3516
1.6716
2.9168
1.2407
0.50315
2.6593
0.51443
2.6831
2.6489
1.522
2.4314
2.656
1.2558
1.7591
1.6251
0.91805
2.8953
1.2661
2.8569
1.5192
1.2853
2.1962
2.6394
0.59948
2.722
1.9376
1.3894
2.0545
0.37208
2.2369
0.3234
1.7819
2.3164
2.887
2.7634
1.1632
2.2275
1.1962
1.3984
0.72882
1.8344
0.044718
1.2835
1.2044
0.4513
2.3243
1.0204
1.2031
3.1072
1.9572
1.2691
0.72983
3.0336
0.45494
1.2598
1.6715
0.31713
1.8246
0.32826
1.872
1.502
2.5645
1.8023
0.66169
1.3542
1.3597
2.7371
2.3468
1.2461
0.52296
1.7022
0.063632
0.37806
1.9921
1.523
3.1254
2.0702
3.0546
2.7668
2.2135
0.26188
1.3879
0.0016399
2.132
2.4342
2.8647
1.1129
1.7085
2.052
0.55774
3.0938
0.0085843
0.61503
1.4711
1.7495
0.79829
3.1258
1.4032
0.17369
2.1879
0.74664
0.9415
0.8044
0.27378
1.7826
0.83609
0.10061
2.0109
1.8878
0
