 # Grain size distribution: volume (A^3) ; No. of grains
   40154.052909950013                1
   40356.065052424812                0
   40558.077194899612                0
   40760.089337374411                0
   40962.101479849211                0
   41164.113622324010                1
   41366.125764798810                0
   41568.137907273609                0
   41770.150049748408                0
   41972.162192223208                0
   42174.174334698007                0
   42376.186477172814                0
   42578.198619647614                0
   42780.210762122413                0
   42982.222904597213                0
   43184.235047072012                0
   43386.247189546812                0
   43588.259332021611                0
   43790.271474496411                0
   43992.283616971210                0
   44194.295759446009                1
