999
   0.21948325994116755        0.57052867573286559        0.12867479644143248     
   0.98742310107146214        0.55310759564149381        0.58750678463398576     
   0.79599418446162928        0.39761571271778345        0.26452259990353522     
   0.75937830639828463        0.16907481362443899        0.24856470979295217     
   0.88288683066906015        0.31343840887229346        0.41804241084065819     
   0.10221379952687881        0.25299179764604313        0.21885036130724712E-001
   0.36872752676723408E-001   0.15063411895609297        0.72887049590624386     
   0.75093262876355249        0.71870471212806847E-001   0.28720830093156358     
   0.55340015938515652        0.32620187068279727        0.40184303681532141     
   0.94874300154556290        0.90030112123899231        0.55096959742749940     
   0.29310687374964124E-001   0.56124563566524255        0.88636219599449106     
   0.22502287478440883        0.89768186842318798        0.87043258045413108     
   0.71847555547652187        0.58424854811391098E-001   0.69052783776182791     
   0.31347195275788570        0.18447825950884486        0.54756694463761059E-001
   0.27873028840182951        0.92911144716941230        0.74462368478964414     
   0.57876410178511151        0.90205868443466852        0.68297068365666425     
   0.36559080495964458        0.87752391276242048        0.53238596587085990E-001
   0.19064979281528233        0.98706595231803251        0.16860529385918327     
   0.32841777372904245E-001   0.76822801665424834        0.15881282382200229     
   0.93322963780212298        0.68976380401822213        0.80370726831850947     
   0.72683144328054283        0.47252349182668080        0.17287678505641524     
   0.84857114384182109        0.30331778439075324        0.30634288448712826     
   0.24400843628411956        0.42264261788470847        0.69052925573035828     
   0.94502671904867397        0.87451447098502555        0.59559181066276334     
   0.32941494337775629        0.80499073990571635        0.93926760089817346E-002
   0.90813360883223249        0.90146518586580870        0.63635490705382858     
   0.34515664813733782        0.15203580382066351        0.72604073115037693     
   0.33674172518143908        0.65908963511612084        0.51866535988310691     
   0.88769360781818418        0.24310833040510463        0.51341834414320120     
   0.36439002035399015        0.79030895534308065        0.19185734778458793     
   0.75689116610672158        0.29426750275264801        0.72550374379224319E-001
   0.22770572358063645        0.98337621326600022        0.39227336597863693     
   0.82466588776662297        0.34978934763986397        0.76770664376459352     
   0.81897822352045502        0.66846053640251235        0.49258028419486971     
   0.84611609103446639        0.38436483229949564        0.17300119665771779     
   0.33558401462209692        0.42739716870632627        0.91328337606960841     
   0.28528736306385116        0.62100660360972149        0.46557494396722870     
   0.41321352077129342        0.77341157312616926        0.45282855485275657E-001
   0.21898347373656465        0.94288061909179621        0.87181429851662118     
   0.56033201749412320        0.94020093453883047        0.28648248767462037     
   0.49150719617208843        0.60593340758998082        0.84041866097359330     
   0.24558885282162599        0.19145903012435495        0.61191221373559945     
   0.46818117869160070        0.78900538908273099        0.35461978623039764     
   0.54666151128003648        0.94982630406616431        0.52433398868053582     
   0.10936182527369633        0.99559413260610152        0.24674155593222086     
   0.91125690618276811        0.56511773625819717E-001   0.99650137445047371     
   0.22587835094332911        0.55067522029163374        0.83114184886379605     
   0.77344467351288482        0.92374323035248740        0.96280387796792677     
   0.77207117828579153        0.84043767982500461        0.11137282089430911     
   0.20010423104573816        0.74663549245611616        0.41153128700062963     
   0.41606327388265302        0.16787934421000211        0.87218167758397858     
   0.85675978001576752E-001   0.28187943577208935        0.65780532768666389     
   0.35767048675545088        0.43686939822184301        0.45911751483609303     
   0.89341578278579870        0.99186936557939720        0.11803331328856879     
   0.65173513736927924        0.89759011078061968        0.85748745143636806     
   0.67672479240161887        0.43275621373176770        0.12532224100648862     
   0.74488602553480121        0.76197152305146465        0.22031706767812678     
   0.98146303736247076        0.99664271294132178        0.53391206572999284     
   0.91695589840532263E-001   0.63683382503821118        0.49954224657181923     
   0.63562051717530399        0.41292119758876894        0.12285872008994526     
   0.71304220683145358        0.99947855740207384E-001   0.52400662176018553     
   0.82190085057396545        0.26869151057238028        0.10537531341750573E-001
   0.19592980269539970        0.44996139106281341        0.75378218384943618     
   0.91891821227557358        0.15883222801450866        0.31468830439421236     
   0.34362434863261215        0.10583107180035912        0.71474881082927699     
   0.64563053528809899        0.14262842427449815        0.85929139852685699     
   0.80226462944898569        0.88680292758637447        0.38039745680863962     
   0.62360090173683780        0.90754001198278067        0.68787979684662226     
   0.52059782816936961        0.81656968946059183        0.72081198892988774     
   0.32768776848307923E-001   0.85185985397556496        0.31696854947611280     
   0.29369042012214064        0.79715436866359424        0.44181965575342913     
   0.47301213525722044E-001   0.89127037903500594        0.21201301992443930     
   0.99407419551692755        0.94169900089753222        0.85709911140356032     
   0.27932090713547764        0.35784985444117823        0.55248235956410152     
   0.55866977123484773        0.54196744244109296        0.63727620444670696     
   0.69106469988753594        0.59893996492095691        0.38502424731802798     
   0.10403886945439034        0.89137875356663554        0.78688410861236779     
   0.62094058253965534        0.50320429827910007        0.88861862432256500     
   0.78688869399525474        0.58560858376255254        0.22647526761614892     
   0.91064729588812310        0.24540141411859062        0.76906318263528217     
   0.68996041184632817        0.28448827998744536        0.47156379760412021     
   0.43220605706493193E-001   0.74649887133122250        0.92937295798051767     
   0.42880799777235767        0.39609140207681491E-001   0.61448188547439331     
   0.57476092370935161        0.88120225434074173        0.53145719413604608     
   0.60630173006416854        0.90890932556757273E-001   0.40519127720464287     
   0.84085537810138711        0.73541965680218180        0.62135021974379678     
   0.24378629932306311E-001   0.53534526564026685        0.57010687380251501     
   0.72980764529885292E-001   0.55396688070370859        0.35349739000909663     
   0.94249610925145033        0.58232573997925730        0.86581716207928061     
   0.12165162517074897        0.95769468031269400        0.22844540364788676     
   0.33226739081420903E-001   0.67147426279810773        0.14112904538461285     
   0.95727747913547145        0.54737359776498096        0.89804118640796105     
   0.74712724401732356        0.30426705792283237        0.36744941760220012     
   0.41781838799669396        0.17371677868027202        0.97845307477415311     
   0.24875766562078308E-001   0.30962968805321045        0.50724550502799970     
   0.37249473499064134        0.85869972646651749        0.94016791365056462     
   0.37186829904509255        0.73810902893959263        0.18050880049494708     
   0.54357527597002553        0.98993430964134876        0.50180893000221649     
   0.49615719250845186        0.40198040564180149        0.41794557689490128E-001
   0.58168059376988690        0.84807415389257512        0.99818057904186430     
   0.28978736972169916        0.63597822997927012        0.23157628287096499     
   0.30191071438540090        0.66767723718861449        0.71116408440313128     
   0.47075628087492227        0.46828158576943174        0.14429309593776490     
   0.12722474502516662        0.38458199599693121        0.91177176784525205     
   0.66065775960626738        0.48476991481049603        0.76234466643502766E-001
   0.98369561024450280        0.56441634067935842        0.93718806854263836     
   0.73720491690513457        0.97525140404067467        0.85612267126359476     
   0.56838093130318479        0.79021890860215283        0.99445834105725406     
   0.63584524654408947        0.78138618654034941        0.23077077801938709     
   0.78697399726946643E-001   0.58355698273297452        0.68569684997888181     
   0.17078410253599356E-001   0.72150464139655590E-002   0.51077974313720387     
   0.45227445550322182        0.59658754276655457        0.78120230905685095     
   0.32646608896616436        0.72826209034206640E-001   0.26604882319966894     
   0.76115804217975624        0.26990039000882080E-001   0.12866529036616037     
   0.82713434278793707        0.55936678540574702        0.56736725968839063     
   0.52247852348894230        0.31533186274698283        0.90066133920482827     
   0.49347489154014207        0.93974335359788874        0.24707706457329393E-001
   0.25114706308164003        0.50483746771576588        0.29200841583658793     
   0.84810977958184242        0.86045754474596092        0.95034256453165766E-001
   0.32184666636309212        0.64403586977807170        0.64491619073839390     
   0.66952249121097562        0.44658918923544971        0.54340797309587463     
   0.27979035779617212        0.86342431845315515        0.17325268265334623     
   0.23776360582074865        0.77487289432981710        0.44447507104788836     
   0.10862712831711353        0.60684878903548289        0.70521335249936168     
   0.52769559720343251        0.42146877068275918        0.79535671392362106     
   0.53164363938353243        0.68898758959888340        0.43391308137102935     
   0.66937941529650907E-001   0.91494471483135720        0.78997854482226804     
   0.76282961216279577        0.81226282637488212        0.71593527499166798     
   0.74071050655286552        0.63977735670035463        0.17812334043425854     
   0.70734190678262288        0.47866608384216969        0.49174954306879748     
   0.97442247399024950        0.89608869409632397        0.87160880040494693     
   0.62501528687982633        0.36719449006111526        0.54691562728511556     
   0.15022364363740393        0.91361522188730426        0.73942352467330963     
   0.59652748603104355        0.34825880567205120        0.26034127078458991     
   0.58080116095816936        0.75080762003398735E-001   0.67835184646292501     
   0.91233041005202464E-001   0.97132133338355398        0.59819134746150204     
   0.79888065784625750        0.31431703112148018        0.12567318674282307     
   0.39100056779911313        0.81831676606357684        0.37173877306737234E-001
   0.59143029227810984        0.44511039381511512E-001   0.73176758691772870     
   0.56925792903045314        0.99946094815679853        0.89298549858794862     
   0.26113000503631756        0.35190155246078797        0.42348280191458709     
   0.80942929403780450        0.94298137022070450        0.83851519374060779     
   0.58650024588767247        0.51250122819270405        0.55850651795966499     
   0.78894457474575119        0.80060834338137488        0.69415339823388589     
   0.32868908924891732        0.36717371977564023        0.93173700027598214E-001
   0.51086153578326199        0.13787065566964674        0.93707903504099899     
   0.26771946720659301        0.35565729239702648        0.46298807367141254     
   0.76580955757138625        0.31307434886683477        0.25212974692196172     
   0.10975750527150810        0.13170315407529856        0.66772890847655242     
   0.75069874225270927        0.59510625014831842        0.15155704833165909     
   0.90447635094769918        0.95045260154462602E-001   0.41406634713492563     
   0.50216303451294231        0.18088811244863753        0.24250749320207629     
   0.53966219368298840        0.63266648798195924        0.63650597533310860     
   0.10508864341317761        0.14849320238334374        0.96136985419285137     
   0.14114767958556826        0.65334000078406562        0.26062816308242143     
   0.70089586402268300        0.32387247177878598        0.99299835987065654     
   0.19332264438733504        0.60986771200350798        0.85063650630099885     
   0.10810416865429125        0.62095627728662450        0.18064922935736322     
   0.54480957728464596        0.17200590487851092        0.55276667758475950     
   0.52958702228488153        0.64534101093073759        0.34066555672094717     
   0.56464360382579926        0.89425730403223813        0.83722418543755361     
   0.18468915839948224        0.54263492124542434        0.81684248237588397     
   0.64867330500625420        0.11174967158221881        0.21745344870211242     
   0.83677667314544057        0.15799351458102837        0.14267202236262941     
   0.55590084997607880        0.86660609299256897        0.49922171922445108     
   0.97159008261026789E-001   0.93281211874244396        0.75892783247935769     
   0.78040752230128319        0.19399934373012953        0.77940966048584981     
   0.49888606932080409        0.42838334252130938        0.98265130301512771     
   0.70822884917012630        0.54845212998608624E-001   0.81889433833467684     
   0.46345427113204596        0.80664317014155862        0.50803309341003189     
   0.91921987136092653        0.86821293366043273        0.23682199715562799     
   0.32659952566921197        0.74246500608216182        0.51940179584901136     
   0.79367265463231518        0.94216096128202165        0.45684396771918977E-002
   0.40924546622249723E-001   0.95422090809078852        0.91813863924680983     
   0.51104929194028215        0.46439694477171140        0.27839874675089066     
   0.93570228808311284        0.93032233497979522        0.42396765831508282     
   0.79685784527999770        0.87209844043440232        0.52355029376796158     
   0.71166496920226396        0.98100263787804809        0.10993441275216186     
   0.96623758030973883        0.93796441260287111        0.54426974585986843     
   0.67759724200151827        0.15868261585611043        0.10803236490022591     
   0.99525655997334972        0.13908820888978893        0.54365333203522626     
   0.18055070905529061        0.94192089568853421        0.86108183881873990     
   0.28924029629025821        0.70335724195036198        0.55130954984179426     
   0.97020948913766808E-001   0.25288784349597249        0.78041325034019282     
   0.89190664178591883        0.93088252638915714        0.44858110562491960     
   0.91921394618527719        0.65186365345907060        0.70899814653584614     
   0.57040894371138218        0.94718372119674510        0.16457036548528872     
   0.95378079912462477        0.15559176338226863        0.30719922317985998     
   0.94737619318784316        0.39621985739979110        0.18480764477371195     
   0.59838322545660660        0.94703196728270919E-001   0.21885899238052370     
   0.96787254096259123        0.22636623910229876E-001   0.64219132588761696     
   0.84530785794301566        0.99046336520158196        0.44966558231714759     
   0.56724990337908654        0.26585667563594258E-001   0.17330623194017014     
   0.90752009876849205        0.89526032795710475E-001   0.24989437688637713E-001
   0.85261867703159755        0.35392994376894937        0.96386356597526046     
   0.22488391286880804        0.25061694075984542        0.39718867091805637     
   0.54899450356702661        0.20912506048761167        0.38745506893375470     
   0.71674313332234052        0.54052422214326168        0.90046866632340650     
   0.37071857717777096        0.10832272962058209        0.25246929118008582     
   0.75761573608487787        0.85529481752884506        0.48077905707172042     
   0.32174004426750356E-001   0.26280102961377078        0.90949554650822084     
   0.52051807117157456        0.70979403578551148        0.15515772342911563     
   0.43574075460703104        0.92368565947194370        0.22641889897471279     
   0.64675398829654850E-002   0.52741030125741550        0.20531456620265742     
   0.88358098961907716        0.84700198438194568E-001   0.69550118635454428     
   0.67913629925595187        0.98724257854203634        0.27854438630842482     
   0.45465854724243959        0.88140028368439249        0.22866581676511752     
   0.41130564984866791        0.22341173450228471        0.45836753617938575     
   0.27619985474900710        0.58541819631864100        0.70371585156643079     
   0.21020071412839614        0.11807210572140750        0.50112611018457276     
   0.81921556748637314        0.99958950526767044E-002   0.28283296624119547E-001
   0.75000140204284327        0.79067005729073114        0.24279743648760757     
   0.47806400690822509        0.39117858915834824        0.11885056302721072E-001
   0.84608697982995562        0.30653938889511828        0.38653002724516872     
   0.74325017454858677        0.47040104530677868        0.43814271059815529     
   0.93363094413636816        0.89226123932639145        0.66820171804424611     
   0.85083721392472034        0.28973096914941987E-001   0.32089820187666723     
   0.24901088820379699        0.86201391477701728        0.70453029036174841E-001
   0.45881898329894460        0.64704963056231179        0.75023541320717246     
   0.17967318109111555        0.29049605827623365        0.88469407664328070     
   0.28245813006713572        0.30834106354194740        0.83347272831437580     
   0.57445778545603476        0.99282044257057422        0.13294631346542155     
   0.92693323123289650        0.96820010735049922        0.41860654084465276     
   0.88710474569785688E-001   0.61653754255473425        0.40468569689429390     
   0.90816779650456025        0.19526673395266082E-001   0.92968585732769204     
   0.60573496807759275        0.15146225794051352        0.83706214167992210     
   0.56956384121207160        0.67827566194166536E-001   0.38689522698692941     
   0.53212387861400567        0.28538781711544181        0.75144650964459447     
   0.50038017586898786        0.67405693989280768        0.19013038189235218     
   0.37531753341307611        0.69278484740424695        0.70375047052115780     
   0.11738837979088401        0.47027532683769391        0.42265139410655028     
   0.57096737801190303E-001   0.60838416617886559        0.38075832398188214     
   0.66690843103438080        0.94356680341699350        0.87697732228601843     
   0.68559274379613833        0.57303150317718676        0.61128580272355937     
   0.24257478213433473        0.67820688457825740        0.49761780636051217     
   0.15375215266271622        0.27071816110066077        0.86679102706857580E-001
   0.48725279153329198        0.64145052003350700        0.78672734908492736     
   0.52185409488115564        0.37656036842263807        0.96764696318771459     
   0.31341960492394905        0.29632590742898618        0.97177713651016784     
   0.78035024285395849        0.79076403768434445        0.50322161864933179     
   0.88695427275127892        0.17657661016091536        0.41035973080971906E-001
   0.19486835484284343        0.58634508946007698E-001   0.70793311830428740     
   0.18785879257388410        0.41455916830629003        0.36127192096268423     
   0.39883456563272618        0.88363125827307953        0.93020031038592643     
   0.17583721565783902        0.96979323012434382        0.49411429893778980     
   0.54728027774651600        0.96641866943939836        0.83719715030100328     
   0.22609645859474486        0.62209276646106693        0.40264688081780758     
   0.88196418754818062        0.56860711645554868E-001   0.44492516859031211     
   0.22862815688951968        0.11349978898139891        0.98981840511297381     
   0.16409490867748633        0.50129896854061629        0.44202315467302561     
   0.22697086441182138        0.22519663149466318        0.57796274077711851     
   0.18036338613275138        0.54685846490975965        0.32910496711763264E-001
   0.86820419180460191E-002   0.55252962955603413        0.83006759761544369     
   0.83700511745775197        0.56849810469972742E-001   0.66846549701655966     
   0.46309935415016995        0.42512644770565811        0.86512282912947069     
   0.72752285107330816        0.44449138869679222        0.51899997513333196     
   0.75873604175383080        0.22970685651858370E-001   0.92734101007535652E-001
   0.80726566146205536        0.91719058031726830        0.68236341320195615     
   0.19024625224720679        0.11548082453476667        0.31146401812747443     
   0.62079964082513850        0.11791446150949880        0.37521512099900084     
   0.14016806997681755        0.23264744124579864        0.50744367328131257E-001
   0.30188720725322160        0.65523323040197801        0.52814772843249891     
   0.10150108839621036        0.15206116526646310        0.17259663657850199     
   0.52893789937443758        0.97446870809967401        0.19127499489731248     
   0.40028841441586371        0.21925226114554969        0.52074026857674294     
   0.25806616263103710        0.67303311817821398        0.23905110104676391     
   0.41024875208935130        0.49598206139157530        0.62489781487298712     
   0.78604623426019882        0.76817051298258743        0.56385726122235957     
   0.46369838184573137        0.76842564711480177        0.39717573988532429     
   0.88698513442049787        0.62838230371898540        0.53258071129743172E-001
   0.56793667601813103        0.56898228975331899        0.26417186175840836E-002
   0.71144884808541642        0.89693298149912570        0.80275368572973183     
   0.57139731998692700        0.73126470811819444        0.17681630391735972     
   0.99332080773261311        0.69008715102241924        0.59700877291121246     
   0.21194954611085129        0.46677217070248950        0.56732262886866412E-001
   0.66961940171885947        0.38651965779676994        0.37309074178451157     
   0.89189952598412461E-001   0.37491993639877164        0.38829687117252848     
   0.90681092677143837        0.51792965260918167        0.45794748597471990     
   0.69491711811298751        0.18006702336826930E-001   0.81436631426066231     
   0.69053764559559128        0.44628095784608418        0.98077742969383763     
   0.23080620703469096        0.72070265186674010        0.76827962125777316     
   0.81925145214498929        0.70146237792643867E-001   0.21831661243495221     
   0.59645954090689213        0.65057227086911207        0.11313693089049155     
   0.68154182775236583        0.17065154852883094        0.81539298689575646     
   0.73125861803172798        0.43630211624641646        0.20432907528049630E-003
   0.76938587036941508        0.55691752525214644        0.17208397650327736     
   0.24347471892388639        0.89792067297747635        0.68650183201806242E-001
   0.70800152662729557E-001   0.56477151437471932E-002   0.80705627985796086E-001
   0.22778225391280360        0.94401165101594642        0.33045008702780970     
   0.72519519519994102        0.15170016204557155        0.52334251933000964     
   0.11639710453717948        0.75694953417336397        0.69213758040517515     
   0.30851691550430904        0.99046557799230162        0.27172513741595117     
   0.11874443318274418        0.51664481082058866        0.21796912695205703     
   0.72790423332558452        0.43108093920259127        0.95932516420235348     
   0.80362576634820304        0.53469516406535966        0.42548515227018402     
   0.49683320311976024E-001   0.34222456667188955        0.18502635244757010     
   0.87613570114149983E-001   0.12669124281310409        0.88961943221183959     
   0.24002805832641233        0.27460603864404409        0.61666349425021727     
   0.36726512161833702        0.50391800332725190        0.48170633084184544     
   0.28096464110019065        0.80471885564441981        0.63841247774659560     
   0.81703106427635008        0.14949351384777484        0.60228645042655859     
   0.54128442694422929        0.49164503030774437        0.27875356359142295     
   0.70208690506221527        0.99088810064644339        0.68646387235641637     
   0.33195075491029341        0.57435649256253518        0.14434899819686173     
   0.78505940484624459        0.93290284272645108        0.58084393997164796     
   0.83781506394164018        0.62200671065970388E-001   0.71389582703839471     
   0.34497836267856480        0.81201369738018586E-001   0.74385076192014732     
   0.34789906443732921E-001   0.91725910910455766        0.53598510511770325     
   0.53182160330318284        0.42746505628866976        0.40659172885624591E-002
   0.53194153355416907        0.52303257934741065        0.98242980925669565     
   0.31099797009747421        0.24510128167061146        0.23545277857221400     
   0.57710430621595776        0.84029053846495760        0.45599995313773944     
   0.44855900196676002        0.74712966390166358        0.89787014704926371     
   0.95997174788967687E-001   0.25481342989895872        0.73266234925922147     
   0.89447792197900400        0.26895466857075573        0.27432361947122846     
   0.41024734181773881        0.20618289094263886        0.11776574602851315     
   0.97458585881541460        0.89691758708993397        0.20745698534358684     
   0.40792948122093959E-002   0.91722378793554371        0.88665859837393646     
   0.65022986837863128        0.61425035524708327        0.34311829694165308     
   0.81780901847868626        0.35930706307115895        0.44519360367956867     
   0.81556730418676018E-001   0.62752528678297270        0.15704589162603608     
   0.36775965612469702        0.53408874010353283E-001   0.56277097691568490     
   0.99569593111408894        0.82186583918352707        0.64765852579139760     
   0.96997818918354772        0.63200558566768827        0.59348380770162648E-001
   0.56841334433075830        0.77166959011719360        0.18029968417163816     
   0.49196190475961898        0.98614765045693820        0.40323598599598838E-001
   0.39281298942458182        0.80643456369815902        0.84438052003581887     
   0.52537180707439246        0.85548967454187497E-001   0.19858373555328857     
   0.92958609986268459        0.26465271185927269        0.45456231452964502     
   0.34589175017593204        0.52220311207644710        0.98638899993033369     
   0.18615060239453551        0.59666706972248473        0.64291853584746395     
   0.78745719568922712        0.16617871870183940        0.22113704045475552     
   0.71093462941722405E-001   0.25983358339982426        0.91720679013890227     
   0.80064353007957001        0.32921565379907664        0.24432656885083773     
   0.45738384390168824        0.33729635174894346        0.47875935243129775     
   0.19806260797558670        0.38325048492274283        0.37609533607144613     
   0.92842566890434286        0.98920078904884512        0.77048166685855135     
   0.35418321766237032        0.34693745752483834        0.26494649252176629E-001
   0.34819547707384690        0.24029623610339468        0.48440617132009423     
   0.56480006176771114        0.67796725610316377        0.16081820796467808     
   0.39618362953263120        0.78486342147829091        0.80572901719015111     
   0.19861092715814868        0.80245932748251514        0.42119288040361491     
   0.74606625993566780E-001   0.84036138085582124        0.79325322989400138     
   0.35675603754189794        0.31108864887346599        0.33714781931334836     
   0.25772465289551205        0.24296025229081691        0.64317278251003307     
   0.71779244773584849        0.64622665422095305        0.79139892288982527     
   0.19320590152529540        0.12092397375733576E-002   0.85327126912087903     
   0.16046577937778330E-001   0.66121339382308253        0.90364258924722815E-001
   0.80063852528833279        0.31820743173409927        0.29527094428273998     
   0.15461036773225495        0.32955037370475704        0.94309479093151927     
   0.28365500185591069        0.60650435502231226        0.77557709059900426     
   0.14809996182474408        0.40191763390648094        0.37409160574632716     
   0.88893753816967569        0.94948289338141556        0.76915905596440060     
   0.68319795940965522        0.75300398304968508        0.99149281997576899     
   0.75307264486888226        0.82889790596177393        0.76277556285012438     
   0.65294253679230507        0.69726043361270773        0.81301835515323817     
   0.86030434436567904        0.15348473822605488        0.65735531393417435     
   0.82036409149626033        0.19647379746022703        0.93826752228745081     
   0.51032340217800221        0.60689436401350794        0.38544689269811971     
   0.29547731649140274        0.98906751829778927        0.54471728800501329     
   0.44212474780395411        0.21752375119056072        0.64506463139672920     
   0.96207926307747149        0.74353556957715838        0.55078975437864985     
   0.19087865397383871        0.27281641106021204        0.38113190591556584     
   0.85768461202398516        0.45723100308477788        0.21528753479572615     
   0.99048642505655848        0.70280478818225600        0.63397591367002548     
   0.85140393344996912        0.24220999240743080        0.52212994816099545     
   0.56473142007921517        0.94767751846771886        0.70158623862697178     
   0.43456531706890664E-001   0.29898725699115353        0.16102643987069579     
   0.36869143675174959        0.65651804006695169        0.56223415007585620     
   0.18597684351573121        0.25851917307325728        0.11044355683537410     
   0.32450970153767122        0.47607481233912552        0.75343072621735549E-001
   0.81949930444508745        0.18530889478492515        0.16829393141091983     
   0.66270001425848479        0.77511676509369509        0.10037508407446795     
   0.91262013767068906        0.14814320017471247        0.51171215585774643     
   0.82410085095103625        0.49393485987876012        0.30405726583807267E-001
   0.41951005147296300        0.79420762865573069        0.14748948798976619     
   0.73709371071488905        0.73446470492319324E-001   0.44762164823386663     
   0.22495806242539579        0.16549589398524139        0.76202505126310882     
   0.70828062755252563        0.35209463454568879        0.92465727593416469     
   0.15145568399464296        0.57606240008165321        0.36386908339075763E-001
   0.18766872981599111        0.21693934173150317        0.59761111232568864     
   0.84519694971468962        0.42837741112148264        0.81314343020485214     
   0.77085735312431980        0.44915858601602292E-001   0.46035836903681078E-001
   0.47819807352757304        0.43651004914157665        0.33963641791476790E-001
   0.96135697273457899        0.18647677110502034        0.19865023153681383     
   0.57477233903788594        0.18651964565966861        0.57936210084710593     
   0.70785800224474127        0.62269445328323714        0.14898973337362145     
   0.61657389479033942        0.85038701284188323        0.85559829540496424     
   0.13007752904904885        0.51329009179343110        0.25862045163253095     
   0.55359762774421128        0.49260095753129785        0.99418700863974174     
   0.30088685440086943        0.78824639200670343        0.98711031771451385     
   0.48710293679883504        0.71840827670189100        0.87447452702205641     
   0.69195300514236613        0.18129826137397553E-001   0.73454942339465989     
   0.83021499052008296        0.25287169935106529        0.94529385888245709     
   0.63486486106402806        0.41247359410913892        0.94932716000005002     
   0.61913129247309939        0.49652791165001464        0.56809307007295029     
   0.49697308125753320        0.37604409377677045        0.40865399213747505     
   0.63744052817795760        0.43552658016481421        0.52530038941989621     
   0.31107286662827405        0.51022942200338939        0.30952251862524915     
   0.74766701965920368        0.78859170823822111        0.59286257549044952     
   0.76633239726039992        0.33145572202680940        0.95105916966175896     
   0.89551953378338517E-001   0.12858353823363661        0.42512205424616367     
   0.79614854425930026E-001   0.41522551683808762        0.12038722468781132E-001
   0.78652762889658290        0.14655413326032912        0.92819123758657374     
   0.91547648853405528        0.21616608528718737        0.30344296095336737     
   0.53793782981870930        0.93738799480134838        0.25039321940212605     
   0.73672962814555121        0.16041034711779806        0.27861239646634817     
   0.83212802956545129        0.75763866917768563        0.66561471248976922     
   0.32090826698530356        0.57743912773002293        0.78884017809280493     
   0.83227265858043364        0.49474321962588796        0.36326740422669768     
   0.65829692648283578        0.26572777990553378E-001   0.71758679273171977     
   0.74251260509105721        0.57679789543864202        0.39487770983317616     
   0.48023665255237885        0.80441538132199575        0.12602477741174586     
   0.93003165354425832        0.75486430366696899        0.30683121550191766     
   0.26500335711742690        0.26633882503907236        0.94462632870413499     
   0.23812424674373944        0.39275545443996235        0.38524543162396030     
   0.84397638434575029        0.96664328074520500        0.45930256086543123E-001
   0.22507501856645798        0.20107368703039724E-001   0.13695782453878086     
   0.46635781566085577        0.79690925062709361        0.65187070167621652E-001
   0.99067016815621378        0.91430869139167625        0.93354182857077372     
   0.32701348027998411        0.84570820707768435        0.61626938995153291     
   0.56871770502064167        0.91658406378473922        0.54727426725839057     
   0.87950201896992919        0.46690080106920234        0.76519726213673966     
   0.52005177240708655        0.47947159872704120        0.38253501362830911     
   0.66106815698228549        0.68288292739542489        0.61903234106932592     
   0.24256734449261866E-001   0.26131279214295194        0.58321761199225364     
   0.58865008459960000        0.42171698693479143        0.97479133417319586     
   0.71997095392260324        0.30370359216241116        0.35163637279799022E-001
   0.93282792388298438E-001   0.51879002327921064        0.72473895329248864E-002
   0.57836198639730096        0.20623527129511277        0.36090080085173204     
   0.94203072579976344        0.82926108135204091        0.28932450819187442E-001
   0.41468674729480959        0.48643221143859589        0.19056172261529997     
   0.44864811905678842        0.10599698817913301        0.74113938992511141     
   0.85615193122714484        0.98226051664776692        0.84029383905490940     
   0.17426760551160569        0.39217699927321645E-001   0.37603121190950389     
   0.73748665785772272        0.57784673665035158        0.11823576244219386     
   0.16535866202429858        0.79257828071327274        0.36403610883560372     
   0.13760288252132206E-001   0.68504360180412449        0.99072686538500532     
   0.88469209782932412        0.51882506554878804        0.60707192539089316     
   0.75041122678253458        0.82525758563770457        0.51846088857922978     
   0.95095713393419445        0.58197211591121178        0.46718321327252466     
   0.48151113849189459        0.60070816938155569        0.31262366054950086     
   0.40771950126799378        0.40277382618321156        0.24745039754765968     
   0.13864428220035449        0.12239225500335639        0.61744868293479194     
   0.76333843119363576        0.65571594677188194        0.12000402995731405     
   0.95325243767977330        0.48816014301728600        0.94221418342971186     
   0.12593708896498254        0.38017267235785229        0.34931099434656571     
   0.35869428088533339        0.67646730133682539E-001   0.69872873280760883     
   0.22164498934642965        0.60450758393893600        0.81305170644852254     
   0.31489285233723496        0.45509410372703056E-001   0.55269926829792948     
   0.36567809586839173        0.57120519061644415        0.80326663402393728     
   0.65104303305502886        0.57992143104215577        0.38110168124776533     
   0.88334783300148489E-001   0.99492742904893031E-001   0.86651518317790299     
   0.86071035209312841        0.40774591082541856        0.20355608174471918     
   0.33472632441228367        0.79269472137009148E-001   0.96158473317257853     
   0.61915771101786454        0.58016310299056895        0.44026213431973105     
   0.18365332302750520        0.26312949957293086        0.31987394209959369     
   0.83415130316812872E-001   0.21421506321729211        0.83429689504897808     
   0.58733833498289001        0.28442694639103500        0.72554461152712457     
   0.47217157202119353        0.70358421411855832E-001   0.26712762772335424     
   0.77662348038221296        0.88299761246914232        0.24749828368008989     
   0.86601894231685705        0.97747073452195010        0.79269936440627264     
   0.47985219310333435E-001   0.34605642374835682        0.34629822226370949     
   0.96399229083329363        0.44637113072989726        0.91055933193544936     
   0.55634740685614892        0.83864863107172882        0.95836896842927632     
   0.61673083322477240        0.97348372887144408        0.30687693794891224     
   0.72305669476531131        0.91141908749529554        0.85897302052095198E-001
   0.24803400459710502E-001   0.53709828837176588        0.78262005374564658     
   0.74663894470573189        0.31329668594582355        0.53053492322957818     
   0.84931489171142627        0.67667043636967450        0.65844101320346116     
   0.72033713578549019        0.13040240237843620        0.33061299620959028     
   0.41897220372012345        0.15022942067466444        0.30249148550665306     
   0.81623461432244648        0.16818519884125052        0.91146926007167084     
   0.42184343392960538E-001   0.14238423238464334        0.12325597072384242     
   0.52962451425681212        0.62597766516679310        0.15711340955023273     
   0.32956778608257581        0.10523059778608893        0.28614945974322653     
   0.90320469407496762        0.82217666385346688        0.33157418283924441E-001
   0.59302490208946401        0.66870637465863225        0.91541814782930309     
   0.15178460781925734        0.53875935542664810        0.53221610793820329     
   0.93696362484071061        0.18473516000723669        0.28108418269591362     
   0.21477318480922286        0.52283171448878529        0.26432075226100016     
   0.55508830903626993        0.34815979859211277        0.86539087932392589     
   0.15391962870506634        0.97686764669157922        0.18938175617778244     
   0.70700380126167495        0.15703845106417796        0.91217547285752554     
   0.62648832710624702        0.73366135050269710        0.76796853235769091     
   0.86583467053099827        0.24247525594435163E-001   0.36816015215626741     
   0.37952259094480478        0.75284075858217214        0.37746681187652932E-001
   0.83443775327325187        0.51895592240911385E-001   0.57336811896456585     
   0.88457186220105055        0.23170847384911628        0.26318074328425994     
   0.22037037504400528        0.14044710924176523        0.19081202087857943     
   0.17928710508185031        0.64378251999969061        0.83438520684497031     
   0.14491651770060862        0.43198828232863862        0.17523747364945405     
   0.99316445166819844        0.72108508703158614        0.98235645789998238     
   0.82014070241775638        0.30059326359064126        0.61423267720254615     
   0.53733243196520553        0.24754711099025203        0.90323555428297522E-001
   0.69665494137072204        0.20060010258388850        0.88782387375998884     
   0.40820553305978768        0.49076452043128643        0.52327655503608084     
   0.56186786591274990E-001   0.14504144159207558        0.56586289339933468E-001
   0.78564853516474331        0.66388042134974201        0.50551948858235696     
   0.72465451259436098        0.62227992381015484        0.11100932617819387     
   0.26303204148879378        0.93314057356110747        0.31268981211712260     
   0.32074016843892272        0.53714070060049457        0.67104337203430620     
   0.15232634443162563E-003   0.67500836302360268        0.22658586062906716E-001
   0.78543677452770833        0.59223887330383063        0.68262038902934230     
   0.41688672209412475        0.91171384542708933        0.79253983760387015     
   0.79110323474567179        0.95083687576918607        0.70557698852044270     
   0.89843489558814693        0.70481444832857829E-001   0.73915010998897535     
   0.92056623914796443        0.84586645642305369        0.63623625903398984     
   0.48478996787190853        0.63554421631700675        0.27710854027594001     
   0.32735783225124582        0.34646213674340337        0.12255623987144958     
   0.82642589150811652        0.87636609961275602        0.28851976001910434     
   0.43964482007926509        0.44623596159875661        0.27837849887366478     
   0.15990465314479252        0.65435411509497510        0.86739144825904624     
   0.38872787732692732        0.99425582982893534        0.13904262745646315     
   0.93312352920547370        0.27955950710997224        0.69565002236158646     
   0.96986916590181860        0.69274877968589454        0.37542514857292854E-001
   0.82737487758882913E-001   0.61286145251841717        0.99421042582839667E-001
   0.17056137512092737        0.83946447146148329        0.60466680261714223     
   0.57655200597471451E-001   0.66516741243818922        0.81471549230210522E-001
   0.78912614976834650        0.71646280970633514        0.56391745989063979     
   0.43757720541841100        0.95038113289941689E-001   0.28048325494421145     
   0.36815099553315639        0.72508465654314580        0.37659716510561092     
   0.48980074027165982        0.93976973187346435        0.22983572446156955     
   0.22825032871649001        0.22205872640261712        0.35716703536435024     
   0.55729054499804842        0.42522011190257647        0.55808275649007666     
   0.55623276584471704        0.68628318045491288        0.11114558256048762     
   0.11192901829827331        0.14354803890234269        0.12873096399672199     
   0.19779414540225773        0.49870694370278509E-001   0.66527159635471655     
   0.35787449340985772        0.50630751376385585        0.22128163086777279E-001
   0.17214513225375153E-001   0.76748060332033619        0.70896122743821322     
   0.44015278890804532E-001   0.28927513699369267        0.64416193245089859     
   0.70001269319375625        0.27366531456215265        0.35630230841486499     
   0.53325000900559638        0.77956013635543830        0.78434417039235593     
   0.59325775657157374E-001   0.87565790725373893        0.79257372345047994     
   0.90421622240779587        0.19232773958221618E-001   0.43753449654670984     
   0.51437057456864410        0.99684396036320011        0.53756862753878398     
   0.41057941559464889        0.84542685727568889        0.79579670737672348     
   0.18681032680027368        0.84447484365945513        0.14669626009918099     
   0.31670908613947618        0.39814765124241253        0.29032994982571225     
   0.54576151165619069        0.75271827381323231        0.75754513614634456     
   0.34696595433900318        0.92631396160350798        0.92452860150563754     
   0.34704914217232419        0.28800652808082715E-001   0.95331051545301804E-001
   0.16755059439411377        0.90243151743195082E-001   0.66525366624765203     
   0.39468090399570160        0.36075517959667208        0.73093742977889165     
   0.71795706823286431        0.21447972387526684        0.37377354054209455     
   0.93158790785382761        0.84201680838662363        0.58558257404570702     
   0.47721443557018117        0.11187316987276973        0.42561824095871353     
   0.33866408421332139        0.90441498304624590        0.62118918312655569     
   0.71592940253438087        0.97351679885344833        0.32673419507021600     
   0.85124594320758318        0.51016897011404116        0.47709418709568005E-001
   0.95265845362491863        0.98248422838297989        0.12130982315526830     
   0.18993767790750915        0.34688492089175849        0.29371912886677198     
   0.71017573527872704E-001   0.23158581385064428        0.86612907274098550     
   0.72746166128498690        0.26472506879664326        0.40535724148071869E-001
   0.53455986037595926        0.35818638881628706        0.13129263238678354     
   0.31736213651858414E-001   0.28726806159850210        0.32265844236823482     
   0.81618189768019378        0.17102358359972711        0.98323132951263814     
   0.33075659552986442        0.62510303366370801        0.81099083245599668     
   0.72038030877228099        0.33744329877966206        0.38289590489793190     
   0.78416640724020881        0.90059322125766017        0.33811790317419615     
   0.67496377557559817        0.47136227123705521E-001   0.67688201704829587     
   0.34529273157553020        0.73161153362614550        0.84764641880200353     
   0.30704432646308472        0.37307829544117599        0.38946026877624929     
   0.47427112266887711        0.22024362084253521        0.21819976954072987     
   0.39248529143727146        0.21657415276787118        0.59865550684341517     
   0.43557728774457560        0.96123380149576076        0.70721903453240231     
   0.82695034495427644        0.47295704051086601        0.78735259178518735     
   0.99850079106700029        0.76902459180900118        0.44342358123419301     
   0.95735220156297141        0.98233401568957202        0.56976271788367194     
   0.16462152193235446        0.30695188223081049        0.34159507324572530     
   0.71724516501675695        0.17167219741182807        0.12818930956274963     
   0.11726596968946730        0.75665995179984891        0.36408159700461301     
   0.37012269132907594        0.16929470762842602        0.55334781799748300     
   0.60710457128843809        0.91862545049495148        0.27717970583704021     
   0.14170879605169909        0.64942103606566703        0.36880048958816153     
   0.99281335720109665        0.72168525944982269E-002   0.82228269528120534     
   0.90973497542305826E-001   0.58624111211873919        0.15286720939276388     
   0.40925012230034791        0.88064082490027140        0.60833553752982250     
   0.90440783160349847        0.75101521679702832        0.24850892030351177     
   0.78630427532978520        0.94598839777296140        0.65987453715763333     
   0.60308999760160131        0.80462607135558278E-001   0.17276535796178658     
   0.73959813032082644        0.37007390083802244        0.94278829173631973     
   0.96340438418641294        0.42290033912945962        0.15669688716974170     
   0.86971082186659643        0.81971103938130718        0.73456288450997664E-001
   0.29857391973365366        0.93871801077566674        0.77497580717487302     
   0.85529476074373967        0.25733002686229439E-001   0.40456755109123754     
   0.12833082218390571        0.39903862889283415        0.79190525457140060     
   0.61386224043801729        0.54160299393676137        0.22683882039568340     
   0.64105903845242196        0.66306481236615644        0.76804086349900469     
   0.65520862075884823        0.71163523626498026        0.74158032150949593     
   0.16478280063578210E-001   0.95895613404557778        0.94542799681553769     
   0.12894727178276964E-002   0.80353528970197219        0.70199873972484950     
   0.25090346292643312        0.36005759804733711        0.50668960791665474     
   0.18292559070861764        0.41084601264956017        0.68627174962715465     
   0.71495850153997320        0.64276275011300632        0.34932739835640902     
   0.24347784574321121        0.88760482263647422        0.14409738112609868     
   0.91722718397577596        0.97685114840400633        0.92138876587831875E-001
   0.18637616153765493        0.13340168036030980        0.61814024121277866     
   0.96347297180695707E-002   0.38854787876377006        0.94462044270591616     
   0.44732366581876359        0.52646593608820780        0.70310151915122987     
   0.41900533612108831        0.97009721811712202        0.39386757934799577     
   0.22708742921505012        0.10594633733454750        0.23794647051915244     
   0.14245513787166417        0.51863846413487058        0.10861599761804255     
   0.47317070098233999        0.85439836243811451        0.99750288912407958     
   0.57356222592628847        0.85561702277539275        0.22292765790870983     
   0.95874920652395013        0.59768094413882378        0.77057527729513231     
   0.89050814998350136        0.13224137665901323        0.94597927130867931     
   0.36821803062900837        0.76615242639433101        0.93252928430040738     
   0.81226933655327926        0.44710029274962609        0.49407853493869780     
   0.10001192453744119        0.33276089795706948        0.27336607156236059     
   0.92280102115647045        0.44041054567363469        0.40494441185485963     
   0.94556119090366531        0.48424394281120769        0.54162648356600107     
   0.27380819699678322        0.56161437679207793        0.51551503528924174E-001
   0.64707747488504885        0.23371098334883628        0.63267128841733619E-001
   0.33731735785885658        0.42525173185482229        0.67532404643583721     
   0.55705134231285369        0.15714527422457855        0.46207663107427671     
   0.12529582120335048        0.98055891449196242        0.68260684226656931     
   0.52465898260870059        0.61500377383675786        0.66246491900416579E-001
   0.53483175838039987        0.18171872820170262        0.67299459122283756     
   0.29791171300078745        0.60107509910606483        0.32001245693944708     
   0.55948177211033068E-001   0.60439514646011772        0.14581057673800699E-001
   0.10177746615400733        0.31764978980307745        0.85064516207166496     
   0.45928593031368159        0.65609867938213262        0.60535169094301966     
   0.81776794675567333        0.28030034363396272        0.71313705110389614     
   0.55492832627107491        0.43723372518102577        0.89189335847378115     
   0.16541445785723755        0.45727161979653247        0.85342465668436618     
   0.99534904261691842E-001   0.85576446074263079        0.88440699778641485     
   0.36343824608942515        0.86883253867872656        0.70028496967827192     
   0.32215006012166403        0.80533445714843410        0.10346745238475581     
   0.29341515812341368        0.89111923020293027        0.99390711015944944     
   0.17960769380904315        0.41474255488946171        0.46878898621493098     
   0.12114739727102210        0.19017799564053903        0.25442093377487524     
   0.56113771925897971        0.68574071961331318        0.81536876361025146     
   0.48874719877310635        0.82113559301164984        0.85826233335236402     
   0.75531337179163416        0.41152685874333345        0.74542209890887223     
   0.54628817179309952        0.35891543471496679        0.49249346353644885     
   0.91467212971837908        0.41653963635036717        0.98487042537766745     
   0.90938176662722203        0.27457876320136709        0.99588448244362338     
   0.40714278180332314        0.74131007102307992E-002   0.23315288623953243     
   0.56875971520340152        0.55432101665623967        0.34350697067010832     
   0.70385073015310617        0.90799944146191469        0.54395665588346487     
   0.62478735366576144        0.77669184080585785        0.90847034879577593     
   0.91978463824974466        0.52343086348788936        0.24957254821383620     
   0.20891436274107856E-002   0.93332216305550231        0.62914536692808964     
   0.83677775933540921E-001   0.22742889483048215        0.12180141632546400     
   0.21003906626054461E-001   0.46035280669926265E-001   0.92898611694397815     
   0.75218109174464354        0.49261658820436349        0.81806830484193141E-001
   0.34676572235981168        0.57189803929141958        0.57953575005014235     
   0.65036880805049158        0.11035474238594134        0.75250897761699931     
   0.71625299936550268        0.23920810923667085        0.19460020143122783     
   0.31391191167404892        0.52612621687362482        0.89557108078261138     
   0.49596874663744916        0.40775648904664501E-001   0.11301475809000870     
   0.35375424244192893        0.83833031219629817        0.53205705387339708     
   0.23592672123794661        0.36678080800463031        0.76074949830767613     
   0.90800380172803052        0.23669017800342637        0.61079848855890251     
   0.35537177776596768        0.33100492223075567        0.45594344092565314     
   0.57751619122915467E-001   0.89220288538113468        0.21105209078269006E-001
   0.38096945043350677        0.11520394064136444        0.64067801150344175E-001
   0.18985444484179177E-002   0.21912944258042910        0.50474391473549518     
   0.40889389784628327        0.54001050425634289        0.10899972219168752     
   0.38622163284278077        0.63623943151634954        0.98849986161233250     
   0.33086718486447192        0.28316542183091825        0.58951326807039039     
   0.62075932068379247        0.53360574210103451        0.80494607277885077     
   0.12171096148558756        0.89970339286156109        0.55458999465825298     
   0.43646760126647938        0.29705438159360614        0.68322723509752714     
   0.66334635075342407        0.38004441451732623E-001   0.35658690243290109     
   0.20921435247076839        0.22773282087730842        0.82585067882315411     
   0.31974753597204925E-002   0.66956623483273137        0.48991461702370520     
   0.71806542062013712        0.57212037422966366        0.48646610135484603     
   0.77727274595489126        0.27818175993826755        0.44861136830756521     
   0.26492090947535107        0.56887440452715619E-001   0.43416340805842268     
   0.58383404885288634E-001   0.60313244607845290E-001   0.58697380918336961     
   0.24683465741476796        0.30413712426530998        0.40761827504519121E-001
   0.83802968797821720        0.85980598523706586        0.75301348823717640     
   0.41692243797220552        0.72057573355424087        0.48600106983273794     
   0.59422337057514110E-001   0.57249227961024796        0.26446265780922723     
   0.29757812810178941        0.16044510865180356        0.95837608782521932     
   0.31884654005865293E-001   0.44218812398235696        0.21114767885073285     
   0.71317625512425564        0.89501861497225599        0.68786382473649310     
   0.50926012426658784        0.14630182036449110        0.32710359623119073     
   0.15632479311940134        0.75157127515715752E-001   0.17390895443969356     
   0.88703580184698683        0.70017171420201618        0.99782028639632669     
   0.52070740127227289        0.58424904072823969        0.71462355463717964     
   0.62350633057823568        0.26979273581384272        0.40278953257452260     
   0.54355897109500817        0.47373641445903147        0.82509774386476609E-001
   0.26010976222305443        0.43152907187426377E-001   0.34474256539187557E-001
   0.50133422871180089        0.41424923191221853E-001   0.71186717859665638     
   0.53499233865303553        0.98524354404037978E-001   0.84233026201117500     
   0.23199114378507867E-001   0.94253651438840425        0.44778552280075173     
   0.63220562927228774        0.25439168856449701        0.54482458750070606     
   0.71891509915022334        0.28543160774853937        0.81764302514143927     
   0.37923600899282023        0.25752468427525488        0.22805626390558956E-001
   0.70418637518632821        0.36168324180541433        0.60888341278454094     
   0.64936496540164634        0.38084529131843980        0.37981644076234736E-001
   0.16897678725639825        0.94265427385008127        0.95078609914124521E-001
   0.90788547770285088        0.38369585076700380        0.74989305630890979     
   0.50908996917257410        0.61257889535511945        0.47775620705045807     
   0.48002824650939718        0.22195392143645890        0.92002143055944929     
   0.63527975873000381E-001   0.45353400574702468        0.34854100410698047     
   0.31303094167062590        0.43060190609116267        0.64747809003635264E-004
   0.50411947398326451        0.71513748774352337        0.96275363572374573     
   0.10523781972547148        0.81365586200364270        0.43895790607939550     
   0.43094749425070628        0.71419549323399911        0.11111749138538211     
   0.31783862157983783        0.19805067265890725        0.40983682379019182     
   0.52003304093047809        0.54569204125603743        0.20339130731672403     
   0.30931376935070254        0.24325583429209352        0.72419500566547301     
   0.43156557540669938        0.52459412471001210        0.32538944881276216     
   0.61199990137412641        0.47631831304042666        0.67435639581147833     
   0.30666852073272727        0.44350733577658552        0.53141775887669473     
   0.73105690834039239        0.95743755608622957E-001   0.18151210384788358     
   0.10343530284849259        0.30283853361520108        0.56658347830396893     
   0.30160917814909698E-001   0.43503421582487023        0.80161353808083058     
   0.87172764173771469E-001   0.59631723897446964        0.59867231971974622     
   0.98790008926663120        0.36508810212294235        0.61962260194537322     
   0.65732427321613240        0.97315300488172851        0.18742359612312737     
   0.97706613266275177        0.83058443453465886E-001   0.47031195425059069     
   0.87605084919308718        0.13788329462782720        0.22948329003684945     
   0.46712492204525569        0.89081841818505181        0.46547823013994405     
   0.57833724711821810        0.18227950670446577        0.17700562991557517     
   0.70959332349235926        0.75408219827756640        0.66587617644899844     
   0.45357612707035511        0.69054227765199194        0.35053821143841490     
   0.26643056207686006        0.51335104468480730        0.76112542965157370     
   0.45223868542699622E-001   0.70035053563663219        0.35542820795686608     
   0.19845250208966184        0.27574092585536329E-001   0.56959730769493166     
   0.82221512033491595        0.36718837936690718        0.87752199488012006     
   0.63949679985550323        0.31997067118916742E-001   0.49688762880804965     
   0.61714470919788966        0.96634174585454413        0.77604470061668362     
   0.43954192348840088        0.18698334049228729        0.77924072927782606     
   0.87986373062939466E-002   0.16237274669319871        0.84457814670084197     
   0.79205004695382142        0.22560714571425833        0.31567205379799351     
   0.67126076137249855E-002   0.27539263381448997        0.75413545858495956     
   0.33180079578544330        0.49278489073439630        0.22108722554426227     
   0.89942499801941755        0.33320269558082377        0.50664320149254571     
   0.26568708080798564        0.70704020718799632        0.10838154790376418E-001
   0.14970554901045907        0.93313728529318340        0.37553013827725606     
   0.92761574607003616        0.96655232291164506        0.10669466446651145E-002
   0.79040374731999674        0.36589024597501890        0.29058689035394217E-001
   0.66500105357767270        0.70245820371832235        0.15794031467877478     
   0.94230912362658170        0.62271255943307835        0.62657806703190044     
   0.92946898587592836E-001   0.60324147512489179        0.82780708943066494     
   0.91442499981679540E-001   0.73911312061197754        0.58221809111415079     
   0.66029657691524246        0.53213685607726424        0.97905731171725219     
   0.68154875502919976        0.81095443716261473        0.43048754132723488     
   0.76955373973268670        0.62033250478560142        0.21481711753928157E-001
   0.90513097689049959        0.70048990321697291        0.39234718150582926     
   0.14051368227019145        0.16503526971792024        0.53710685237742006     
   0.85440733586217366        0.53274791246629405        0.69420724282112167     
   0.78150023088982867        0.98916604571096189        0.26388278010617927     
   0.10528939319155896        0.98731180674937669        0.82877014175563379     
   0.97070343007923043        0.80465950669337660        0.94511913786097557     
   0.12500310188798366        0.83404622642047524E-001   0.18532775422718289E-001
   0.21197623479324942        0.17292010269937427        0.84748052335448187E-001
   0.68868551294428193        0.61557003301021540        0.70796349060513974     
   0.29191998044884659        0.70586474956266854        0.41774771576866521     
   0.79915448491705121        0.20915232005034826        0.77854865880307905E-001
   0.19762483312591919        0.59830484118890470        0.22042647523637765     
   0.41469702487237919        0.91574228938905419E-001   0.91689582037825046     
   0.68751133104885309        0.74404922428879350        0.30289733226835536     
   0.80532680033216619        0.13190052725282337E-001   0.91983676061235153     
   0.63844459731918457        0.67897382849397181        0.11301897413011016E-001
   0.24557683636397759        0.34936507367655861        0.90344485709522349     
   0.12841938730022831        0.71030245735042308        0.94957710651126415     
   0.87041025035642750        0.75911156134281177        0.85228955530140071     
   0.79793761844714206        0.94676887437978008        0.12525248503019978     
   0.86068435435004842        0.58832880001003252        0.48919112793380348     
   0.22625746994645582        0.27490610923769287        0.49464213801351503     
   0.90787976846445140        0.38235054881932212        0.27428357600716718     
   0.93806398972711869        0.19795525137448289        0.11191640131326214     
   0.11555802483693785        0.49187393863417729E-001   0.45712105995866698     
   0.44820427465884216        0.51945006518614578        0.82809474389359794     
   0.39444068601768062        0.13404007995686493        0.64110976210410198     
   0.23815584905388998        0.96764539996830219E-002   0.76944270357591782     
   0.26207548542963499        0.66732668460332478        0.86697316427052051     
   0.21354091568583422        0.79072066753123604        0.53068811863426968     
   0.48510350777738903        0.51826813932061044        0.58259706358891994     
   0.39295585195578131E-001   0.74924238814624733        0.57914770165552500E-001
   0.85570674376822498        0.23149388568972312        0.85131172467428851     
   0.91391425860002995        0.99701849298166023        0.20750336817125947     
   0.73246161405103793        0.87361126041318893        0.89174311338030443     
   0.99081990979693069        0.82504938260763061        0.52114929202629667     
   0.21593088504589877        0.86758302296863798        0.77692693869657059     
   0.24708751469823786        0.83306766009930633        0.34897355845793815     
   0.90787118611559214        0.48670466755412245        0.85045348491844475     
   0.99219508105747534        0.71065989756893641E-001   0.71666646414590779E-001
   0.10622166051350827        0.36181870886880474        0.70142671289489422     
   0.37661195160851413        0.99521979107250069        0.49581035701224085     
   0.11503920072253197        0.82006167595400226        0.29518747732870620     
   0.62813304674174886        0.84986852136183635E-001   0.83840138953976892E-001
   0.62106087539297872        0.67056273482828399        0.41372537667765241     
   0.32540614156807074        0.73752979144754949        0.27170648760928984     
   0.68482271223529356        0.38404003297099970        0.46928395700732867     
   0.47701821627734869E-001   0.97801667761782651        0.16308571751272843     
   0.92080308945297651        0.76543613650520748        0.68344611126925603     
   0.54929446722298059        0.25041176785503504E-001   0.26413407967934832     
   0.17593861544366737        0.95650005875869160        0.94980704850855602     
   0.70423202758262937        0.97431656402059996        0.14430302637574515E-001
   0.60839076114796387        0.36962717374034937        0.77619096227836437     
   0.50101090360542500        0.25653795956268075E-001   0.42609671505924690     
   0.97063372108405443        0.30533920162431638        0.38642736019724150     
   0.18406753549452640        0.10274229688663464        0.88912692874112975     
   0.64937353104641160        0.12454612773588304        0.60886301152344624     
   0.55392495110974807E-002   0.45054509469116766E-001   0.72097619163857163     
   0.83034888022882647        0.58299403902595448        0.34492322637784240     
   0.73829678872552984        0.24685531146549888        0.95363663055628756     
   0.61107492409353836        0.16990818073679706        0.93921205100795968     
   0.88326604598885405        0.90063565611949570        0.88218097161528075     
   0.52579737385407854        0.31015730541499636        0.25876919221531323E-001
   0.59695786541288431        0.49484307056929255        0.47098438623038741     
   0.48195913354526349        0.24586848683416104        0.55093369382418178     
   0.44459562276604941        0.88907264940800768        0.13202346938798856     
   0.30038825455289941        0.66322177713946506        0.14666242577649824     
   0.88160047762026295        0.45836859548385017        0.12856371754160062     
   0.17124847466797480        0.54524026805063697        0.34935906811875816     
   0.92017213112504581        0.73106694313038123        0.13692779112631159     
   0.43078547247830501        0.38767194405821903        0.57308551426131060     
   0.17386294914534517        0.16039512864712502        0.39126406646700118     
   0.47473489104073846        0.90880097521938241        0.31962268955814804     
   0.40978708095453553        0.63091271597066445        0.23013228526139062     
   0.42439833706047703        0.36485470521336200        0.94137704140302481     
   0.52400750548447360E-001   0.48774764573468626        0.93256591681613710     
   0.81519483455662689        0.79915305586092811        0.33634266523816025     
   0.41899390147091375        0.39693278039521013        0.88175014274986377E-001
   0.73702614073551154        0.49987372116085821        0.61277058589035915     
   0.69604629147223518        0.88535430507126778        0.30826273483298361     
   0.58643939442295068        0.23158806890294883        0.80111129028829242     
   0.34096980180525810        0.87817816974630059        0.85026918040509514     
   0.41685732235215328        0.38190581238466287        0.33449381637661385     
   0.33885279074598385        0.34990894158423463        0.21409020472373630     
   0.65779711311827926        0.41203149265757452E-001   0.89661275103052107     
   0.15840943100921479        0.67374515873253182        0.45412175073554245     
   0.89806888842674654E-001   0.83908338046298581        0.15454074231961057     
   0.81825495536053516        0.84172265499603272        0.60898475326994628     
   0.46133107124847439        0.96036873079972218        0.88512487682109886     
   0.31255588496716491        0.75487466309617812        0.76764645032777834     
   0.46285966107543225        0.27330268692520931        0.14803649020143153     
   0.37555392062311327        0.59666947917841928        0.71740728644430563     
   0.22031741319198603        0.36676068087489611        0.61815395273017304     
   0.21120904119493505        0.77126625360400247        0.19179993053531927     
   0.79987972620035008        0.49459225129927320        0.94213084591123286     
   0.81556081693397364        0.10982914368868993        0.50797627738169737     
   0.55772937067212369        0.77452287396621056        0.85062030500418856E-001
   0.41719971560433827        0.13334718922306857        0.48716988834473957     
   0.60455168328807918        0.59564628522689334        0.58287291283494602     
   0.95297426311749578        0.87687792598224412        0.11717368318478871     
   0.98374138110624609        0.25537316915700459        0.25002486371210803     
   0.99082423106409956        0.59232776373890417        0.14009086681502508     
   0.94726881639698821E-001   0.59393316860598878E-001   0.31366596981380857     
   0.38812326774541016E-001   0.39341551990671064        0.47432181045109367     
   0.51700458799324467        0.16795014512510889        0.50387363114066219E-001
   0.26031575244399036        0.17981487103780397        0.27905151635470277     
   0.80748930921380735        0.68757298044892623        0.24990289263597279     
   0.33952628184661116        0.73196558574595849        0.62552798816243371     
   0.84546043304645180        0.75155425319785751E-001   0.90298693785735282E-001
   0.21608962976168772        0.90766961531227064        0.23159312688671685     
   0.85351000240117020E-001   0.84431595341923316        0.70287131358648158     
   0.64215723393653545        0.45745715892917010        0.22545993852961613     
   0.14511607390739617        0.74587104405943461        0.80115833025684402     
   0.12837732710545635        0.51116583825129980        0.72634937537920352     
   0.55225320984917892        0.76422359251082816        0.49764932529473838     
   0.69735695081818927        0.15457200317660108        0.43868367528626556     
   0.42174668318320896E-001   0.19427370342442443        0.64069124076462958     
   0.76827445079527601        0.22787609142944912        0.58532727528066064     
   0.60928687514451352        0.97956016924735279        0.62932079100963789     
   0.46417830792861786        0.80652235030789854        0.61597621611309616     
   0.45412710219625102        0.74307024353782580        0.74243273800398446     
   0.87505079866528723        0.97721019847130297        0.67984653676996853     
   0.45503910265117337        0.46065686047517007        0.45133825878606071     
   0.85298973705248926        0.28043315395905688        0.18933857993421449     
   0.68448929054111929        0.83175428953525654        0.32723703364046258E-001
   0.84173848132286155        0.39763770187369835        0.62564019993286779     
   0.61723536907900600        0.31032299952780318        0.91645286681512472     
   0.18131064029596133        0.56399561718464042        0.94464353395312106     
   0.82543517776763864        0.85723285716922093        0.50296852575118971E-002
   0.10803931181360246        0.28346307231924162        0.41649517336902669     
   0.22606086941251313        0.65154207493865934        0.58618991845577828     
   0.31051392120167837        0.94895191965094294        0.12915570141511526     
   0.23393791093142383        0.80152527927067641        0.90204315057834838     
   0.12477596450536766E-001   0.10772935430712055        0.20671915191255449     
   0.76500849981166774        0.68882217081095798        0.41199910981687132     
   0.69476728803126286        0.43036760079570430        0.87224064527230516     
   0.91600949462794345        0.16273879558957693        0.73489170649981916     
   0.67899650442615012        0.63888680977094725        0.88171358540042954     
   0.40234168981681079        0.97942550951921548        0.25810439135427660E-001
   0.37944329915963043        0.99933611020774882        0.77530019313457477     
   0.72872765334145806        0.75558658129367806        0.80700678839093987     
   0.47832665622311049        0.26647990390825960        0.40703319054445553     
   0.61131944705136931        0.32915115920332250        0.16500328846149154     
   0.70605609248819734        0.83673586304033210        0.17484826030559381     
   0.98646242691273023        0.66348400460401191        0.90232365973579631     
   0.20299763970294477        0.76800238762551976        0.67305136664583731     
   0.35586300458495934        0.87384415238522639        0.24991613194519557     
   0.15980451277325661        0.67444282729504101        0.99343266742040442E-001
   0.46788807838639623        0.94798683165893949        0.60325807510017126     
   0.21079480406866435        0.28933525333964150        0.19514450897443636     
   0.11793946271466106        0.36533140472534936        0.11864889212806908     
   0.78092431712552757        0.49350693467622475        0.24511434673011781     
   0.77775581153543397E-001   0.53901929812052074        0.46600307715058881     
   0.33726520489270917        0.46568241362092127E-002   0.63400102099600031     
   0.36016386933654659        0.40552697440598684        0.81933267902908191     
   0.97816111021754593        0.91076258371315699        0.76674445826501791     
   0.97165072784186368        0.57410038894628879        0.37879695369664929     
   0.68605982871191273        0.59690506998893555        0.26257470994541587     
   0.24956992669712319        0.42336418999815956        0.12623869660961762     
   0.38536073340207788        0.81232906258185555        0.37950825898147134     
   0.58330734451145880E-001   0.32545822414722564        0.99647075074132108     
   0.43799751475440207        0.50364455447570233        0.97315176877519682     
   0.30434231596186551        0.37746152679632695E-002   0.90476451664093793     
   0.27379929250483222E-001   0.17727625064803787        0.36166189894752504     
   0.12852313345386121        0.12366102403307778        0.75612247819279255     
   0.30093212408464487        0.85017074891170552E-001   0.17970891650518805     
   0.40884104366603674        0.65566945528697274        0.84621904984272378     
   0.57595593548714408        0.70852872470726780        0.67460893052339999     
   0.78514470625821575        0.74809901071804785        0.88066673262194334E-001
   0.20465453126758643E-001   0.93923099100337004        0.30260985319619677     
   0.17424132123250738        0.81189118459237464        0.36826355940897636E-001
   0.53303269350626870        0.28383572706595339        0.27748753356590450     
   0.20483116438864180E-001   0.18649579988497966        0.98622867693244631     
   0.22643088078363294        0.55065555475381522        0.48538640501828867     
   0.81983083900645848E-001   0.70718230650345115        0.21449883403904912     
   0.76353991655265119        0.54045462570797009        0.80468445644701803     
   0.47882717764892901        0.32545659450422798        0.81566817525594026     
   0.10172784715253824        0.45590591926152357        0.58505547546279213     
   0.68749751860155583        0.71000307409910490        0.53241822435365027     
   0.88544519121468113        0.93016515778277853        0.34432321758426715     
   0.22475234722524212        0.51472158676127489        0.62293297553216287     
   0.43553812269353781        0.14050056605775718        0.19328347642178209     
   0.51929074686782828        0.79372841813328460E-001   0.57437555124468320     
   0.97789868840987171        0.33897329276793298        0.11670950776523892     
   0.20408494718678932        0.63796832291934669        0.73021290023854768     
   0.69086817680621448        0.48469313452070090        0.36589585305230821     
   0.59769740281979811        0.91551388054316352        0.92657514384860173     
   0.78560407201926685        0.63592476959579736        0.60210919647424510     
   0.85951852770266179        0.84958865003474626        0.46521306023532738     
   0.91111393129554452        0.54375280249750219E-001   0.82942197918866389     
   0.37445442179347410        0.58540809014212647        0.44094126429560437     
   0.38476354697294052        0.85523835048516086E-001   0.35545143122722106     
   0.93853560939799607        0.63031766006922077E-001   0.33188870466340892     
   0.23384588272633083        0.32305350167048170E-001   0.29589647712401007     
   0.77866520021385843        0.14518166185631404        0.69948410192344179     
   0.87771945691019038        0.72447534266738367        0.53090195954839992     
   0.64668817852772664        0.17081529853033120        0.30259402517117506     
   0.15945252065439455        0.22217762517242001        0.96058351195153802     
   0.75588192274908783        0.23850707742521914E-001   0.61564663715650858     
   0.84896272369782511        0.60442124403409658        0.14336329663876021     
   0.80214266123407130        0.92196015508424572E-001   0.36176302697420937     
   0.57046842866791958        0.92536181047441601        0.73213246188520556E-001
   0.91951505243277709        0.95086737519823980E-001   0.61053400724955276     
   0.99022792808667148        0.49499397632869707        0.67785055991748744     
   0.65861528047236771E-002   0.77616783230116859        0.80816163907335103     
   0.54604418134052835        0.58626899071853833        0.91554593854486921     
   0.85481815627586732        0.61340054016044843        0.88478585485393724     
   0.87075683203977572        0.97391590304008246        0.53518482372851972     
   0.19152325520634700        0.70183960775624710        0.31728240533737895     
   0.29310600949293431        0.46558957200654399        0.38772613965864894     
   0.56327772831705514        0.34336300814536225        0.63781441153184126     
   0.84487512504315965        0.83175380403555010        0.20159893808619742     
   0.98289833247399960        0.80481512002094868        0.24074317793469613     
   0.60409008609593229        0.83801823200356818        0.61662281602342939     
   0.53822300708199511        0.44648686095008848E-001   0.97564071784784112     
   0.23691486279707144        0.90370895762013537        0.63931064176296992     
   0.33331726912256182        0.95209518938470572        0.36780992593067990     
   0.20821014968302171        0.43019355069071230        0.26984727996803687     
   0.59648348769398485        0.92196483764701842        0.40756831644977276     
   0.17176846120617928        0.23763211247953303        0.68381830855361903     
   0.92208919672288037        0.55809019210336763        0.10339179082583718E-002
   0.24878106231116628        0.91919872835502203        0.48102920177825376     
   0.45885062816482408        0.77402564347606362        0.23641687376476872     
   0.75783096016727203        0.12742493509135699        0.84392628286567295     
   0.49095181533034721        0.40666343121156429        0.20953956784382963     
   0.76396783369728261        0.96055887504890725        0.42290610670122997     
   0.94782441775495929        0.66208993038222086        0.25763817472343092     
   0.68035047891190681        0.33913097222317939        0.29259947830357885     
   0.55612960528384089E-001   0.68129761035290393        0.70748524671780277     
   0.28418925655283084        0.14793880279421548        0.54399493519001407     
   0.77393726727737966        0.38024186850733727E-002   0.77729107448046053     
   0.96202755852824084        0.33676841116320649        0.87724493739202103     
   0.79495706828462454        0.38867583251899979        0.35972587574406778     
   0.47430428442294098        0.43474538179911876        0.71488964986482995     
   0.61139858943157199        0.82352128897740673        0.75974669175649212     
   0.74516176385933608        0.37815961751046739        0.16755441476138255     
   0.34881312445529916        0.25956959873236973        0.86684597939901176     
   0.39274944380094234        0.23643913972300609        0.29335106902692859     
   0.56170630519829068        0.67330757074254810        0.25511792308412917     
   0.32821704502842808        0.22350036498190370        0.15022014991227278     
   0.25469084793557856        0.11880111379591446        0.68105104094375890     
   0.73575509192028521        0.11128929660964755        0.99520522867120753     
   0.66444708363576721        0.24652153138551663        0.68263181338491830     
   0.26129737432469236        0.31130923794436094        0.33384279567739861     
   0.49439125611735069        0.90324375688261127        0.74287364905098818     
   0.56707780898487159        0.40192671289111570        0.35141909843027563     
   0.31201511878344629        0.12779616335302946        0.81425543613477858     
   0.64166507383754046        0.56514078116185551        0.13222926222632428     
   0.89350232187291001        0.18776003339790659        0.41952043080332901     
   0.55665249205227851        0.79073244504050322        0.34758611710963333     
   0.13709871282343918E-001   0.47033622158498256        0.71899819355346811E-001
   0.82624750966996818        0.66317946056574084        0.74975422524148450     
   0.76090729356487663        0.74472560989809322        0.94745933050580655     
   0.16584026673026164        0.42759528799937485        0.99214720748479468     
   0.97658623966449609        0.82718981274965109        0.38058312898983260     
